0.000000 	0.000000 	0.000000 	0.000000 	0.000000 	0.000000 	0.000000 	0.000000 	0.000000 	0.000000 	0.000000 	0.000000 	0.000000 	0.000000 	0.000000 	0.000000 	0.000000 	0.000000 	0.000000 	0.000000 	
0.071630 	0.006591 	0.065836 	0.092996 	0.036865 	0.068009 	0.017962 	0.072427 	0.071848 	0.089810 	0.036358 	0.028826 	0.041573 	0.023684 	0.060114 	0.049323 	0.045339 	0.079887 	0.008474 	0.032447 	
0.000770 	0.000180 	0.000580 	0.000660 	0.000400 	0.000720 	0.000240 	0.000560 	0.000630 	0.000860 	0.990220 	0.000460 	0.000460 	0.000400 	0.000490 	0.000620 	0.000570 	0.000680 	0.000150 	0.000350 	
0.056770 	0.000476 	0.050257 	0.118391 	0.019567 	0.030399 	0.009955 	0.053061 	0.149414 	0.066278 	0.027370 	0.034197 	0.069865 	0.016097 	0.061424 	0.062426 	0.073785 	0.060348 	0.016851 	0.023069 	
0.056770 	0.000476 	0.050257 	0.118391 	0.019567 	0.030399 	0.009955 	0.053061 	0.149414 	0.066278 	0.027370 	0.034197 	0.069865 	0.016097 	0.061424 	0.062426 	0.073785 	0.060348 	0.016851 	0.023069 	
0.056770 	0.000476 	0.050257 	0.118391 	0.019567 	0.030399 	0.009955 	0.053061 	0.149414 	0.066278 	0.027370 	0.034197 	0.069865 	0.016097 	0.061424 	0.062426 	0.073785 	0.060348 	0.016851 	0.023069 	
0.056770 	0.000476 	0.050257 	0.118391 	0.019567 	0.030399 	0.009955 	0.053061 	0.149414 	0.066278 	0.027370 	0.034197 	0.069865 	0.016097 	0.061424 	0.062426 	0.073785 	0.060348 	0.016851 	0.023069 	
0.056770 	0.000476 	0.050257 	0.118391 	0.019567 	0.030399 	0.009955 	0.053061 	0.149414 	0.066278 	0.027370 	0.034197 	0.069865 	0.016097 	0.061424 	0.062426 	0.073785 	0.060348 	0.016851 	0.023069 	
0.056770 	0.000476 	0.050257 	0.118391 	0.019567 	0.030399 	0.009955 	0.053061 	0.149414 	0.066278 	0.027370 	0.034197 	0.069865 	0.016097 	0.061424 	0.062426 	0.073785 	0.060348 	0.016851 	0.023069 	
0.056770 	0.000476 	0.050257 	0.118391 	0.019567 	0.030399 	0.009955 	0.053061 	0.149414 	0.066278 	0.027370 	0.034197 	0.069865 	0.016097 	0.061424 	0.062426 	0.073785 	0.060348 	0.016851 	0.023069 	
0.056770 	0.000476 	0.050257 	0.118391 	0.019567 	0.030399 	0.009955 	0.053061 	0.149414 	0.066278 	0.027370 	0.034197 	0.069865 	0.016097 	0.061424 	0.062426 	0.073785 	0.060348 	0.016851 	0.023069 	
0.056770 	0.000476 	0.050257 	0.118391 	0.019567 	0.030399 	0.009955 	0.053061 	0.149414 	0.066278 	0.027370 	0.034197 	0.069865 	0.016097 	0.061424 	0.062426 	0.073785 	0.060348 	0.016851 	0.023069 	
0.056770 	0.000476 	0.050257 	0.118391 	0.019567 	0.030399 	0.009955 	0.053061 	0.149414 	0.066278 	0.027370 	0.034197 	0.069865 	0.016097 	0.061424 	0.062426 	0.073785 	0.060348 	0.016851 	0.023069 	
0.083988 	0.003048 	0.003444 	0.037962 	0.057793 	0.058110 	0.017457 	0.112479 	0.063761 	0.144344 	0.023177 	0.017675 	0.054983 	0.011875 	0.020574 	0.055141 	0.052222 	0.135556 	0.000149 	0.046264 	
0.083988 	0.003048 	0.003444 	0.037962 	0.057793 	0.058110 	0.017457 	0.112479 	0.063761 	0.144344 	0.023177 	0.017675 	0.054983 	0.011875 	0.020574 	0.055141 	0.052222 	0.135556 	0.000149 	0.046264 	
0.083988 	0.003048 	0.003444 	0.037962 	0.057793 	0.058110 	0.017457 	0.112479 	0.063761 	0.144344 	0.023177 	0.017675 	0.054983 	0.011875 	0.020574 	0.055141 	0.052222 	0.135556 	0.000149 	0.046264 	
0.083988 	0.003048 	0.003444 	0.037962 	0.057793 	0.058110 	0.017457 	0.112479 	0.063761 	0.144344 	0.023177 	0.017675 	0.054983 	0.011875 	0.020574 	0.055141 	0.052222 	0.135556 	0.000149 	0.046264 	
0.083988 	0.003048 	0.003444 	0.037962 	0.057793 	0.058110 	0.017457 	0.112479 	0.063761 	0.144344 	0.023177 	0.017675 	0.054983 	0.011875 	0.020574 	0.055141 	0.052222 	0.135556 	0.000149 	0.046264 	
0.085333 	0.005335 	0.003668 	0.014061 	0.067434 	0.123444 	0.003332 	0.188261 	0.033627 	0.155554 	0.020845 	0.005612 	0.007675 	0.006584 	0.012861 	0.039805 	0.050069 	0.131655 	0.007368 	0.037475 	
0.085333 	0.005335 	0.003668 	0.014061 	0.067434 	0.123444 	0.003332 	0.188261 	0.033627 	0.155554 	0.020845 	0.005612 	0.007675 	0.006584 	0.012861 	0.039805 	0.050069 	0.131655 	0.007368 	0.037475 	
0.085333 	0.005335 	0.003668 	0.014061 	0.067434 	0.123444 	0.003332 	0.188261 	0.033627 	0.155554 	0.020845 	0.005612 	0.007675 	0.006584 	0.012861 	0.039805 	0.050069 	0.131655 	0.007368 	0.037475 	
0.085333 	0.005335 	0.003668 	0.014061 	0.067434 	0.123444 	0.003332 	0.188261 	0.033627 	0.155554 	0.020845 	0.005612 	0.007675 	0.006584 	0.012861 	0.039805 	0.050069 	0.131655 	0.007368 	0.037475 	
0.085333 	0.005335 	0.003668 	0.014061 	0.067434 	0.123444 	0.003332 	0.188261 	0.033627 	0.155554 	0.020845 	0.005612 	0.007675 	0.006584 	0.012861 	0.039805 	0.050069 	0.131655 	0.007368 	0.037475 	
0.085333 	0.005335 	0.003668 	0.014061 	0.067434 	0.123444 	0.003332 	0.188261 	0.033627 	0.155554 	0.020845 	0.005612 	0.007675 	0.006584 	0.012861 	0.039805 	0.050069 	0.131655 	0.007368 	0.037475 	
0.085333 	0.005335 	0.003668 	0.014061 	0.067434 	0.123444 	0.003332 	0.188261 	0.033627 	0.155554 	0.020845 	0.005612 	0.007675 	0.006584 	0.012861 	0.039805 	0.050069 	0.131655 	0.007368 	0.037475 	
0.085333 	0.005335 	0.003668 	0.014061 	0.067434 	0.123444 	0.003332 	0.188261 	0.033627 	0.155554 	0.020845 	0.005612 	0.007675 	0.006584 	0.012861 	0.039805 	0.050069 	0.131655 	0.007368 	0.037475 	
0.085333 	0.005335 	0.003668 	0.014061 	0.067434 	0.123444 	0.003332 	0.188261 	0.033627 	0.155554 	0.020845 	0.005612 	0.007675 	0.006584 	0.012861 	0.039805 	0.050069 	0.131655 	0.007368 	0.037475 	
0.085333 	0.005335 	0.003668 	0.014061 	0.067434 	0.123444 	0.003332 	0.188261 	0.033627 	0.155554 	0.020845 	0.005612 	0.007675 	0.006584 	0.012861 	0.039805 	0.050069 	0.131655 	0.007368 	0.037475 	
0.085333 	0.005335 	0.003668 	0.014061 	0.067434 	0.123444 	0.003332 	0.188261 	0.033627 	0.155554 	0.020845 	0.005612 	0.007675 	0.006584 	0.012861 	0.039805 	0.050069 	0.131655 	0.007368 	0.037475 	
0.085333 	0.005335 	0.003668 	0.014061 	0.067434 	0.123444 	0.003332 	0.188261 	0.033627 	0.155554 	0.020845 	0.005612 	0.007675 	0.006584 	0.012861 	0.039805 	0.050069 	0.131655 	0.007368 	0.037475 	
0.085333 	0.005335 	0.003668 	0.014061 	0.067434 	0.123444 	0.003332 	0.188261 	0.033627 	0.155554 	0.020845 	0.005612 	0.007675 	0.006584 	0.012861 	0.039805 	0.050069 	0.131655 	0.007368 	0.037475 	
0.085333 	0.005335 	0.003668 	0.014061 	0.067434 	0.123444 	0.003332 	0.188261 	0.033627 	0.155554 	0.020845 	0.005612 	0.007675 	0.006584 	0.012861 	0.039805 	0.050069 	0.131655 	0.007368 	0.037475 	
0.085333 	0.005335 	0.003668 	0.014061 	0.067434 	0.123444 	0.003332 	0.188261 	0.033627 	0.155554 	0.020845 	0.005612 	0.007675 	0.006584 	0.012861 	0.039805 	0.050069 	0.131655 	0.007368 	0.037475 	
0.085333 	0.005335 	0.003668 	0.014061 	0.067434 	0.123444 	0.003332 	0.188261 	0.033627 	0.155554 	0.020845 	0.005612 	0.007675 	0.006584 	0.012861 	0.039805 	0.050069 	0.131655 	0.007368 	0.037475 	
0.085333 	0.005335 	0.003668 	0.014061 	0.067434 	0.123444 	0.003332 	0.188261 	0.033627 	0.155554 	0.020845 	0.005612 	0.007675 	0.006584 	0.012861 	0.039805 	0.050069 	0.131655 	0.007368 	0.037475 	
0.085333 	0.005335 	0.003668 	0.014061 	0.067434 	0.123444 	0.003332 	0.188261 	0.033627 	0.155554 	0.020845 	0.005612 	0.007675 	0.006584 	0.012861 	0.039805 	0.050069 	0.131655 	0.007368 	0.037475 	
0.085333 	0.005335 	0.003668 	0.014061 	0.067434 	0.123444 	0.003332 	0.188261 	0.033627 	0.155554 	0.020845 	0.005612 	0.007675 	0.006584 	0.012861 	0.039805 	0.050069 	0.131655 	0.007368 	0.037475 	
0.085333 	0.005335 	0.003668 	0.014061 	0.067434 	0.123444 	0.003332 	0.188261 	0.033627 	0.155554 	0.020845 	0.005612 	0.007675 	0.006584 	0.012861 	0.039805 	0.050069 	0.131655 	0.007368 	0.037475 	
0.085333 	0.005335 	0.003668 	0.014061 	0.067434 	0.123444 	0.003332 	0.188261 	0.033627 	0.155554 	0.020845 	0.005612 	0.007675 	0.006584 	0.012861 	0.039805 	0.050069 	0.131655 	0.007368 	0.037475 	
0.085333 	0.005335 	0.003668 	0.014061 	0.067434 	0.123444 	0.003332 	0.188261 	0.033627 	0.155554 	0.020845 	0.005612 	0.007675 	0.006584 	0.012861 	0.039805 	0.050069 	0.131655 	0.007368 	0.037475 	
0.085333 	0.005335 	0.003668 	0.014061 	0.067434 	0.123444 	0.003332 	0.188261 	0.033627 	0.155554 	0.020845 	0.005612 	0.007675 	0.006584 	0.012861 	0.039805 	0.050069 	0.131655 	0.007368 	0.037475 	
0.085333 	0.005335 	0.003668 	0.014061 	0.067434 	0.123444 	0.003332 	0.188261 	0.033627 	0.155554 	0.020845 	0.005612 	0.007675 	0.006584 	0.012861 	0.039805 	0.050069 	0.131655 	0.007368 	0.037475 	
0.085333 	0.005335 	0.003668 	0.014061 	0.067434 	0.123444 	0.003332 	0.188261 	0.033627 	0.155554 	0.020845 	0.005612 	0.007675 	0.006584 	0.012861 	0.039805 	0.050069 	0.131655 	0.007368 	0.037475 	
0.075379 	0.008788 	0.006314 	0.015003 	0.060663 	0.052370 	0.014587 	0.178485 	0.006363 	0.201741 	0.054745 	0.032024 	0.034894 	0.023355 	0.009095 	0.037922 	0.049352 	0.089639 	0.008758 	0.040524 	
0.075379 	0.008788 	0.006314 	0.015003 	0.060663 	0.052370 	0.014587 	0.178485 	0.006363 	0.201741 	0.054745 	0.032024 	0.034894 	0.023355 	0.009095 	0.037922 	0.049352 	0.089639 	0.008758 	0.040524 	
0.075379 	0.008788 	0.006314 	0.015003 	0.060663 	0.052370 	0.014587 	0.178485 	0.006363 	0.201741 	0.054745 	0.032024 	0.034894 	0.023355 	0.009095 	0.037922 	0.049352 	0.089639 	0.008758 	0.040524 	
0.075379 	0.008788 	0.006314 	0.015003 	0.060663 	0.052370 	0.014587 	0.178485 	0.006363 	0.201741 	0.054745 	0.032024 	0.034894 	0.023355 	0.009095 	0.037922 	0.049352 	0.089639 	0.008758 	0.040524 	
0.075379 	0.008788 	0.006314 	0.015003 	0.060663 	0.052370 	0.014587 	0.178485 	0.006363 	0.201741 	0.054745 	0.032024 	0.034894 	0.023355 	0.009095 	0.037922 	0.049352 	0.089639 	0.008758 	0.040524 	
0.060939 	0.000400 	0.024893 	0.039583 	0.066922 	0.121482 	0.018542 	0.059444 	0.033680 	0.093229 	0.016119 	0.034242 	0.095328 	0.036589 	0.028891 	0.067284 	0.054683 	0.064937 	0.031200 	0.051613 	
0.060939 	0.000400 	0.024893 	0.039583 	0.066922 	0.121482 	0.018542 	0.059444 	0.033680 	0.093229 	0.016119 	0.034242 	0.095328 	0.036589 	0.028891 	0.067284 	0.054683 	0.064937 	0.031200 	0.051613 	
0.060939 	0.000400 	0.024893 	0.039583 	0.066922 	0.121482 	0.018542 	0.059444 	0.033680 	0.093229 	0.016119 	0.034242 	0.095328 	0.036589 	0.028891 	0.067284 	0.054683 	0.064937 	0.031200 	0.051613 	
0.060939 	0.000400 	0.024893 	0.039583 	0.066922 	0.121482 	0.018542 	0.059444 	0.033680 	0.093229 	0.016119 	0.034242 	0.095328 	0.036589 	0.028891 	0.067284 	0.054683 	0.064937 	0.031200 	0.051613 	
0.060939 	0.000400 	0.024893 	0.039583 	0.066922 	0.121482 	0.018542 	0.059444 	0.033680 	0.093229 	0.016119 	0.034242 	0.095328 	0.036589 	0.028891 	0.067284 	0.054683 	0.064937 	0.031200 	0.051613 	
0.060939 	0.000400 	0.024893 	0.039583 	0.066922 	0.121482 	0.018542 	0.059444 	0.033680 	0.093229 	0.016119 	0.034242 	0.095328 	0.036589 	0.028891 	0.067284 	0.054683 	0.064937 	0.031200 	0.051613 	
0.060939 	0.000400 	0.024893 	0.039583 	0.066922 	0.121482 	0.018542 	0.059444 	0.033680 	0.093229 	0.016119 	0.034242 	0.095328 	0.036589 	0.028891 	0.067284 	0.054683 	0.064937 	0.031200 	0.051613 	
0.060939 	0.000400 	0.024893 	0.039583 	0.066922 	0.121482 	0.018542 	0.059444 	0.033680 	0.093229 	0.016119 	0.034242 	0.095328 	0.036589 	0.028891 	0.067284 	0.054683 	0.064937 	0.031200 	0.051613 	
0.060939 	0.000400 	0.024893 	0.039583 	0.066922 	0.121482 	0.018542 	0.059444 	0.033680 	0.093229 	0.016119 	0.034242 	0.095328 	0.036589 	0.028891 	0.067284 	0.054683 	0.064937 	0.031200 	0.051613 	
0.060939 	0.000400 	0.024893 	0.039583 	0.066922 	0.121482 	0.018542 	0.059444 	0.033680 	0.093229 	0.016119 	0.034242 	0.095328 	0.036589 	0.028891 	0.067284 	0.054683 	0.064937 	0.031200 	0.051613 	
0.032673 	0.004430 	0.048215 	0.021774 	0.036809 	0.054398 	0.010656 	0.043177 	0.170617 	0.047897 	0.030690 	0.075009 	0.015312 	0.021229 	0.180014 	0.087186 	0.081794 	0.021214 	0.007902 	0.009004 	
0.032673 	0.004430 	0.048215 	0.021774 	0.036809 	0.054398 	0.010656 	0.043177 	0.170617 	0.047897 	0.030690 	0.075009 	0.015312 	0.021229 	0.180014 	0.087186 	0.081794 	0.021214 	0.007902 	0.009004 	
0.032673 	0.004430 	0.048215 	0.021774 	0.036809 	0.054398 	0.010656 	0.043177 	0.170617 	0.047897 	0.030690 	0.075009 	0.015312 	0.021229 	0.180014 	0.087186 	0.081794 	0.021214 	0.007902 	0.009004 	
0.032673 	0.004430 	0.048215 	0.021774 	0.036809 	0.054398 	0.010656 	0.043177 	0.170617 	0.047897 	0.030690 	0.075009 	0.015312 	0.021229 	0.180014 	0.087186 	0.081794 	0.021214 	0.007902 	0.009004 	
0.032673 	0.004430 	0.048215 	0.021774 	0.036809 	0.054398 	0.010656 	0.043177 	0.170617 	0.047897 	0.030690 	0.075009 	0.015312 	0.021229 	0.180014 	0.087186 	0.081794 	0.021214 	0.007902 	0.009004 	
0.181562 	0.002661 	0.000567 	0.001642 	0.055381 	0.082350 	0.000257 	0.135717 	0.009652 	0.229269 	0.040140 	0.000533 	0.008979 	0.005448 	0.003379 	0.059547 	0.049965 	0.129123 	0.000441 	0.003385 	
0.181562 	0.002661 	0.000567 	0.001642 	0.055381 	0.082350 	0.000257 	0.135717 	0.009652 	0.229269 	0.040140 	0.000533 	0.008979 	0.005448 	0.003379 	0.059547 	0.049965 	0.129123 	0.000441 	0.003385 	
0.181562 	0.002661 	0.000567 	0.001642 	0.055381 	0.082350 	0.000257 	0.135717 	0.009652 	0.229269 	0.040140 	0.000533 	0.008979 	0.005448 	0.003379 	0.059547 	0.049965 	0.129123 	0.000441 	0.003385 	
0.181562 	0.002661 	0.000567 	0.001642 	0.055381 	0.082350 	0.000257 	0.135717 	0.009652 	0.229269 	0.040140 	0.000533 	0.008979 	0.005448 	0.003379 	0.059547 	0.049965 	0.129123 	0.000441 	0.003385 	
0.181562 	0.002661 	0.000567 	0.001642 	0.055381 	0.082350 	0.000257 	0.135717 	0.009652 	0.229269 	0.040140 	0.000533 	0.008979 	0.005448 	0.003379 	0.059547 	0.049965 	0.129123 	0.000441 	0.003385 	
0.181562 	0.002661 	0.000567 	0.001642 	0.055381 	0.082350 	0.000257 	0.135717 	0.009652 	0.229269 	0.040140 	0.000533 	0.008979 	0.005448 	0.003379 	0.059547 	0.049965 	0.129123 	0.000441 	0.003385 	
0.181562 	0.002661 	0.000567 	0.001642 	0.055381 	0.082350 	0.000257 	0.135717 	0.009652 	0.229269 	0.040140 	0.000533 	0.008979 	0.005448 	0.003379 	0.059547 	0.049965 	0.129123 	0.000441 	0.003385 	
0.181562 	0.002661 	0.000567 	0.001642 	0.055381 	0.082350 	0.000257 	0.135717 	0.009652 	0.229269 	0.040140 	0.000533 	0.008979 	0.005448 	0.003379 	0.059547 	0.049965 	0.129123 	0.000441 	0.003385 	
0.181562 	0.002661 	0.000567 	0.001642 	0.055381 	0.082350 	0.000257 	0.135717 	0.009652 	0.229269 	0.040140 	0.000533 	0.008979 	0.005448 	0.003379 	0.059547 	0.049965 	0.129123 	0.000441 	0.003385 	
0.181562 	0.002661 	0.000567 	0.001642 	0.055381 	0.082350 	0.000257 	0.135717 	0.009652 	0.229269 	0.040140 	0.000533 	0.008979 	0.005448 	0.003379 	0.059547 	0.049965 	0.129123 	0.000441 	0.003385 	
0.181562 	0.002661 	0.000567 	0.001642 	0.055381 	0.082350 	0.000257 	0.135717 	0.009652 	0.229269 	0.040140 	0.000533 	0.008979 	0.005448 	0.003379 	0.059547 	0.049965 	0.129123 	0.000441 	0.003385 	
0.181562 	0.002661 	0.000567 	0.001642 	0.055381 	0.082350 	0.000257 	0.135717 	0.009652 	0.229269 	0.040140 	0.000533 	0.008979 	0.005448 	0.003379 	0.059547 	0.049965 	0.129123 	0.000441 	0.003385 	
0.181562 	0.002661 	0.000567 	0.001642 	0.055381 	0.082350 	0.000257 	0.135717 	0.009652 	0.229269 	0.040140 	0.000533 	0.008979 	0.005448 	0.003379 	0.059547 	0.049965 	0.129123 	0.000441 	0.003385 	
0.181562 	0.002661 	0.000567 	0.001642 	0.055381 	0.082350 	0.000257 	0.135717 	0.009652 	0.229269 	0.040140 	0.000533 	0.008979 	0.005448 	0.003379 	0.059547 	0.049965 	0.129123 	0.000441 	0.003385 	
0.181562 	0.002661 	0.000567 	0.001642 	0.055381 	0.082350 	0.000257 	0.135717 	0.009652 	0.229269 	0.040140 	0.000533 	0.008979 	0.005448 	0.003379 	0.059547 	0.049965 	0.129123 	0.000441 	0.003385 	
0.181562 	0.002661 	0.000567 	0.001642 	0.055381 	0.082350 	0.000257 	0.135717 	0.009652 	0.229269 	0.040140 	0.000533 	0.008979 	0.005448 	0.003379 	0.059547 	0.049965 	0.129123 	0.000441 	0.003385 	
0.181562 	0.002661 	0.000567 	0.001642 	0.055381 	0.082350 	0.000257 	0.135717 	0.009652 	0.229269 	0.040140 	0.000533 	0.008979 	0.005448 	0.003379 	0.059547 	0.049965 	0.129123 	0.000441 	0.003385 	
0.181562 	0.002661 	0.000567 	0.001642 	0.055381 	0.082350 	0.000257 	0.135717 	0.009652 	0.229269 	0.040140 	0.000533 	0.008979 	0.005448 	0.003379 	0.059547 	0.049965 	0.129123 	0.000441 	0.003385 	
0.181562 	0.002661 	0.000567 	0.001642 	0.055381 	0.082350 	0.000257 	0.135717 	0.009652 	0.229269 	0.040140 	0.000533 	0.008979 	0.005448 	0.003379 	0.059547 	0.049965 	0.129123 	0.000441 	0.003385 	
0.181562 	0.002661 	0.000567 	0.001642 	0.055381 	0.082350 	0.000257 	0.135717 	0.009652 	0.229269 	0.040140 	0.000533 	0.008979 	0.005448 	0.003379 	0.059547 	0.049965 	0.129123 	0.000441 	0.003385 	
0.121576 	0.005106 	0.013591 	0.016670 	0.047677 	0.162831 	0.013743 	0.064850 	0.010022 	0.029852 	0.017462 	0.030489 	0.096453 	0.020067 	0.016702 	0.120648 	0.085090 	0.107586 	0.006699 	0.012886 	
0.121576 	0.005106 	0.013591 	0.016670 	0.047677 	0.162831 	0.013743 	0.064850 	0.010022 	0.029852 	0.017462 	0.030489 	0.096453 	0.020067 	0.016702 	0.120648 	0.085090 	0.107586 	0.006699 	0.012886 	
0.121576 	0.005106 	0.013591 	0.016670 	0.047677 	0.162831 	0.013743 	0.064850 	0.010022 	0.029852 	0.017462 	0.030489 	0.096453 	0.020067 	0.016702 	0.120648 	0.085090 	0.107586 	0.006699 	0.012886 	
0.121576 	0.005106 	0.013591 	0.016670 	0.047677 	0.162831 	0.013743 	0.064850 	0.010022 	0.029852 	0.017462 	0.030489 	0.096453 	0.020067 	0.016702 	0.120648 	0.085090 	0.107586 	0.006699 	0.012886 	
0.121576 	0.005106 	0.013591 	0.016670 	0.047677 	0.162831 	0.013743 	0.064850 	0.010022 	0.029852 	0.017462 	0.030489 	0.096453 	0.020067 	0.016702 	0.120648 	0.085090 	0.107586 	0.006699 	0.012886 	
0.388056 	0.000171 	0.000552 	0.000629 	0.000381 	0.000686 	0.000229 	0.072477 	0.000600 	0.014621 	0.000210 	0.015231 	0.000438 	0.000381 	0.000467 	0.116874 	0.060627 	0.326895 	0.000143 	0.000333 	
0.272736 	0.000171 	0.000552 	0.000629 	0.044722 	0.071642 	0.000229 	0.000533 	0.055810 	0.072765 	0.015003 	0.043789 	0.014241 	0.014184 	0.014269 	0.204570 	0.101085 	0.043998 	0.014936 	0.014136 	
0.839794 	0.000000 	0.000000 	0.000000 	0.000000 	0.044766 	0.000000 	0.000000 	0.000000 	0.000000 	0.000000 	0.000000 	0.000000 	0.000000 	0.000000 	0.115440 	0.000000 	0.000000 	0.000000 	0.000000 	
0.259904 	0.014963 	0.042947 	0.128766 	0.000381 	0.086428 	0.000229 	0.042928 	0.043947 	0.028422 	0.028803 	0.015230 	0.001428 	0.101868 	0.030012 	0.042986 	0.016287 	0.071598 	0.000143 	0.042728 	
0.085495 	0.000171 	0.016298 	0.230279 	0.000381 	0.044038 	0.000229 	0.043886 	0.000600 	0.014622 	0.000210 	0.057594 	0.029987 	0.043733 	0.030016 	0.089276 	0.155311 	0.073587 	0.000143 	0.084143 	
0.058877 	0.014965 	0.057706 	0.058772 	0.028977 	0.060772 	0.000229 	0.058677 	0.043951 	0.083635 	0.014012 	0.029034 	0.155200 	0.029929 	0.030015 	0.086340 	0.158238 	0.030196 	0.000143 	0.000333 	
0.028340 	0.000171 	0.044895 	0.085390 	0.058527 	0.115035 	0.000229 	0.030083 	0.085362 	0.001810 	0.000210 	0.044781 	0.115740 	0.057536 	0.016213 	0.129695 	0.100098 	0.085409 	0.000143 	0.000333 	
0.057884 	0.000171 	0.058694 	0.115921 	0.029928 	0.059818 	0.000229 	0.058675 	0.028204 	0.058961 	0.000210 	0.042835 	0.111845 	0.028976 	0.069477 	0.130676 	0.043892 	0.059780 	0.000143 	0.043682 	
0.073434 	0.003906 	0.071075 	0.057263 	0.030246 	0.076110 	0.014138 	0.073513 	0.044375 	0.059054 	0.011149 	0.055714 	0.064055 	0.032587 	0.025327 	0.080023 	0.074039 	0.082954 	0.018869 	0.052171 	
0.000000 	0.000000 	0.000000 	0.000000 	0.000000 	0.000000 	0.000000 	0.000000 	0.000000 	0.000000 	0.000000 	0.000000 	0.000000 	0.000000 	0.000000 	0.000000 	0.000000 	0.000000 	0.000000 	0.000000 	
