0	0	0	0	0	0	0	0	0	0	0	0	0	0	0	0	0	0	0	0
0.077	0.018	0.058	0.066	0.04	0.072	0.024	0.056	0.063	0.086	0.022	0.046	0.046	0.04	0.049	0.062	0.057	0.068	0.015	0.035
0.00077	0.00018	0.00058	0.00066	0.0004	0.00072	0.00024	0.00056	0.00063	0.00086	0.99022	0.00046	0.00046	0.0004	0.00049	0.00062	0.00057	0.00068	0.00015	0.00035
0.063	0.008	0.049	0.047	0.047	0.095	0.027	0.047	0.063	0.082	0.028	0.049	0.072	0.032	0.078	0.063	0.058	0.045	0.02	0.026
0.063	0.008	0.049	0.047	0.047	0.095	0.027	0.047	0.063	0.082	0.028	0.049	0.072	0.032	0.078	0.063	0.058	0.045	0.02	0.026
0.063	0.008	0.049	0.047	0.047	0.095	0.027	0.047	0.063	0.082	0.028	0.049	0.072	0.032	0.078	0.063	0.058	0.045	0.02	0.026
0.063	0.008	0.049	0.047	0.047	0.095	0.027	0.047	0.063	0.082	0.028	0.049	0.072	0.032	0.078	0.063	0.058	0.045	0.02	0.026
0.063	0.008	0.049	0.047	0.047	0.095	0.027	0.047	0.063	0.082	0.028	0.049	0.072	0.032	0.078	0.063	0.058	0.045	0.02	0.026
0.063	0.008	0.049	0.047	0.047	0.095	0.027	0.047	0.063	0.082	0.028	0.049	0.072	0.032	0.078	0.063	0.058	0.045	0.02	0.026
0.063	0.008	0.049	0.047	0.047	0.095	0.027	0.047	0.063	0.082	0.028	0.049	0.072	0.032	0.078	0.063	0.058	0.045	0.02	0.026
0.063	0.008	0.049	0.047	0.047	0.095	0.027	0.047	0.063	0.082	0.028	0.049	0.072	0.032	0.078	0.063	0.058	0.045	0.02	0.026
0.063	0.008	0.049	0.047	0.047	0.095	0.027	0.047	0.063	0.082	0.028	0.049	0.072	0.032	0.078	0.063	0.058	0.045	0.02	0.026
0.063	0.008	0.049	0.047	0.047	0.095	0.027	0.047	0.063	0.082	0.028	0.049	0.072	0.032	0.078	0.063	0.058	0.045	0.02	0.026
0.103	0.006	0.024	0.035	0.062	0.066	0.029	0.066	0.034	0.147	0.038	0.021	0.041	0.027	0.044	0.051	0.05	0.075	0.039	0.042
0.103	0.006	0.024	0.035	0.062	0.066	0.029	0.066	0.034	0.147	0.038	0.021	0.041	0.027	0.044	0.051	0.05	0.075	0.039	0.042
0.103	0.006	0.024	0.035	0.062	0.066	0.029	0.066	0.034	0.147	0.038	0.021	0.041	0.027	0.044	0.051	0.05	0.075	0.039	0.042
0.103	0.006	0.024	0.035	0.062	0.066	0.029	0.066	0.034	0.147	0.038	0.021	0.041	0.027	0.044	0.051	0.05	0.075	0.039	0.042
0.103	0.006	0.024	0.035	0.062	0.066	0.029	0.066	0.034	0.147	0.038	0.021	0.041	0.027	0.044	0.051	0.05	0.075	0.039	0.042
0.119	0.012	0.01	0.01	0.088	0.09	0.029	0.097	0.011	0.16	0.042	0.015	0.021	0.012	0.015	0.05	0.056	0.105	0.032	0.029
0.119	0.012	0.01	0.01	0.088	0.09	0.029	0.097	0.011	0.16	0.042	0.015	0.021	0.012	0.015	0.05	0.056	0.105	0.032	0.029
0.119	0.012	0.01	0.01	0.088	0.09	0.029	0.097	0.011	0.16	0.042	0.015	0.021	0.012	0.015	0.05	0.056	0.105	0.032	0.029
0.119	0.012	0.01	0.01	0.088	0.09	0.029	0.097	0.011	0.16	0.042	0.015	0.021	0.012	0.015	0.05	0.056	0.105	0.032	0.029
0.119	0.012	0.01	0.01	0.088	0.09	0.029	0.097	0.011	0.16	0.042	0.015	0.021	0.012	0.015	0.05	0.056	0.105	0.032	0.029
0.119	0.012	0.01	0.01	0.088	0.09	0.029	0.097	0.011	0.16	0.042	0.015	0.021	0.012	0.015	0.05	0.056	0.105	0.032	0.029
0.119	0.012	0.01	0.01	0.088	0.09	0.029	0.097	0.011	0.16	0.042	0.015	0.021	0.012	0.015	0.05	0.056	0.105	0.032	0.029
0.119	0.012	0.01	0.01	0.088	0.09	0.029	0.097	0.011	0.16	0.042	0.015	0.021	0.012	0.015	0.05	0.056	0.105	0.032	0.029
0.119	0.012	0.01	0.01	0.088	0.09	0.029	0.097	0.011	0.16	0.042	0.015	0.021	0.012	0.015	0.05	0.056	0.105	0.032	0.029
0.119	0.012	0.01	0.01	0.088	0.09	0.029	0.097	0.011	0.16	0.042	0.015	0.021	0.012	0.015	0.05	0.056	0.105	0.032	0.029
0.119	0.012	0.01	0.01	0.088	0.09	0.029	0.097	0.011	0.16	0.042	0.015	0.021	0.012	0.015	0.05	0.056	0.105	0.032	0.029
0.119	0.012	0.01	0.01	0.088	0.09	0.029	0.097	0.011	0.16	0.042	0.015	0.021	0.012	0.015	0.05	0.056	0.105	0.032	0.029
0.119	0.012	0.01	0.01	0.088	0.09	0.029	0.097	0.011	0.16	0.042	0.015	0.021	0.012	0.015	0.05	0.056	0.105	0.032	0.029
0.119	0.012	0.01	0.01	0.088	0.09	0.029	0.097	0.011	0.16	0.042	0.015	0.021	0.012	0.015	0.05	0.056	0.105	0.032	0.029
0.119	0.012	0.01	0.01	0.088	0.09	0.029	0.097	0.011	0.16	0.042	0.015	0.021	0.012	0.015	0.05	0.056	0.105	0.032	0.029
0.119	0.012	0.01	0.01	0.088	0.09	0.029	0.097	0.011	0.16	0.042	0.015	0.021	0.012	0.015	0.05	0.056	0.105	0.032	0.029
0.119	0.012	0.01	0.01	0.088	0.09	0.029	0.097	0.011	0.16	0.042	0.015	0.021	0.012	0.015	0.05	0.056	0.105	0.032	0.029
0.119	0.012	0.01	0.01	0.088	0.09	0.029	0.097	0.011	0.16	0.042	0.015	0.021	0.012	0.015	0.05	0.056	0.105	0.032	0.029
0.119	0.012	0.01	0.01	0.088	0.09	0.029	0.097	0.011	0.16	0.042	0.015	0.021	0.012	0.015	0.05	0.056	0.105	0.032	0.029
0.119	0.012	0.01	0.01	0.088	0.09	0.029	0.097	0.011	0.16	0.042	0.015	0.021	0.012	0.015	0.05	0.056	0.105	0.032	0.029
0.119	0.012	0.01	0.01	0.088	0.09	0.029	0.097	0.011	0.16	0.042	0.015	0.021	0.012	0.015	0.05	0.056	0.105	0.032	0.029
0.119	0.012	0.01	0.01	0.088	0.09	0.029	0.097	0.011	0.16	0.042	0.015	0.021	0.012	0.015	0.05	0.056	0.105	0.032	0.029
0.119	0.012	0.01	0.01	0.088	0.09	0.029	0.097	0.011	0.16	0.042	0.015	0.021	0.012	0.015	0.05	0.056	0.105	0.032	0.029
0.119	0.012	0.01	0.01	0.088	0.09	0.029	0.097	0.011	0.16	0.042	0.015	0.021	0.012	0.015	0.05	0.056	0.105	0.032	0.029
0.119	0.012	0.01	0.01	0.088	0.09	0.029	0.097	0.011	0.16	0.042	0.015	0.021	0.012	0.015	0.05	0.056	0.105	0.032	0.029
0.103	0.006	0.024	0.035	0.062	0.066	0.029	0.066	0.034	0.147	0.038	0.021	0.041	0.027	0.044	0.051	0.05	0.075	0.039	0.042
0.103	0.006	0.024	0.035	0.062	0.066	0.029	0.066	0.034	0.147	0.038	0.021	0.041	0.027	0.044	0.051	0.05	0.075	0.039	0.042
0.103	0.006	0.024	0.035	0.062	0.066	0.029	0.066	0.034	0.147	0.038	0.021	0.041	0.027	0.044	0.051	0.05	0.075	0.039	0.042
0.103	0.006	0.024	0.035	0.062	0.066	0.029	0.066	0.034	0.147	0.038	0.021	0.041	0.027	0.044	0.051	0.05	0.075	0.039	0.042
0.103	0.006	0.024	0.035	0.062	0.066	0.029	0.066	0.034	0.147	0.038	0.021	0.041	0.027	0.044	0.051	0.05	0.075	0.039	0.042
0.083	0.006	0.053	0.046	0.054	0.111	0.025	0.049	0.022	0.082	0.027	0.041	0.082	0.039	0.03	0.058	0.054	0.06	0.034	0.044
0.083	0.006	0.053	0.046	0.054	0.111	0.025	0.049	0.022	0.082	0.027	0.041	0.082	0.039	0.03	0.058	0.054	0.06	0.034	0.044
0.083	0.006	0.053	0.046	0.054	0.111	0.025	0.049	0.022	0.082	0.027	0.041	0.082	0.039	0.03	0.058	0.054	0.06	0.034	0.044
0.083	0.006	0.053	0.046	0.054	0.111	0.025	0.049	0.022	0.082	0.027	0.041	0.082	0.039	0.03	0.058	0.054	0.06	0.034	0.044
0.083	0.006	0.053	0.046	0.054	0.111	0.025	0.049	0.022	0.082	0.027	0.041	0.082	0.039	0.03	0.058	0.054	0.06	0.034	0.044
0.083	0.006	0.053	0.046	0.054	0.111	0.025	0.049	0.022	0.082	0.027	0.041	0.082	0.039	0.03	0.058	0.054	0.06	0.034	0.044
0.083	0.006	0.053	0.046	0.054	0.111	0.025	0.049	0.022	0.082	0.027	0.041	0.082	0.039	0.03	0.058	0.054	0.06	0.034	0.044
0.083	0.006	0.053	0.046	0.054	0.111	0.025	0.049	0.022	0.082	0.027	0.041	0.082	0.039	0.03	0.058	0.054	0.06	0.034	0.044
0.083	0.006	0.053	0.046	0.054	0.111	0.025	0.049	0.022	0.082	0.027	0.041	0.082	0.039	0.03	0.058	0.054	0.06	0.034	0.044
0.083	0.006	0.053	0.046	0.054	0.111	0.025	0.049	0.022	0.082	0.027	0.041	0.082	0.039	0.03	0.058	0.054	0.06	0.034	0.044
0.016	0.006	0.052	0.026	0.029	0.045	0.013	0.029	0.195	0.052	0.036	0.081	0.006	0.026	0.166	0.091	0.094	0.026	0.003	0.006
0.016	0.006	0.052	0.026	0.029	0.045	0.013	0.029	0.195	0.052	0.036	0.081	0.006	0.026	0.166	0.091	0.094	0.026	0.003	0.006
0.016	0.006	0.052	0.026	0.029	0.045	0.013	0.029	0.195	0.052	0.036	0.081	0.006	0.026	0.166	0.091	0.094	0.026	0.003	0.006
0.016	0.006	0.052	0.026	0.029	0.045	0.013	0.029	0.195	0.052	0.036	0.081	0.006	0.026	0.166	0.091	0.094	0.026	0.003	0.006
0.016	0.006	0.052	0.026	0.029	0.045	0.013	0.029	0.195	0.052	0.036	0.081	0.006	0.026	0.166	0.091	0.094	0.026	0.003	0.006
0.205	0.003	0.000	0.000	0.070	0.092	0.000	0.141	0.002	0.189	0.049	0.002	0.013	0.005	0.003	0.062	0.049	0.107	0.002	0.007
0.205	0.003	0.000	0.000	0.070	0.092	0.000	0.141	0.002	0.189	0.049	0.002	0.013	0.005	0.003	0.062	0.049	0.107	0.002	0.007
0.205	0.003	0.000	0.000	0.070	0.092	0.000	0.141	0.002	0.189	0.049	0.002	0.013	0.005	0.003	0.062	0.049	0.107	0.002	0.007
0.205	0.003	0.000	0.000	0.070	0.092	0.000	0.141	0.002	0.189	0.049	0.002	0.013	0.005	0.003	0.062	0.049	0.107	0.002	0.007
0.205	0.003	0.000	0.000	0.070	0.092	0.000	0.141	0.002	0.189	0.049	0.002	0.013	0.005	0.003	0.062	0.049	0.107	0.002	0.007
0.205	0.003	0.000	0.000	0.070	0.092	0.000	0.141	0.002	0.189	0.049	0.002	0.013	0.005	0.003	0.062	0.049	0.107	0.002	0.007
0.205	0.003	0.000	0.000	0.070	0.092	0.000	0.141	0.002	0.189	0.049	0.002	0.013	0.005	0.003	0.062	0.049	0.107	0.002	0.007
0.205	0.003	0.000	0.000	0.070	0.092	0.000	0.141	0.002	0.189	0.049	0.002	0.013	0.005	0.003	0.062	0.049	0.107	0.002	0.007
0.205	0.003	0.000	0.000	0.070	0.092	0.000	0.141	0.002	0.189	0.049	0.002	0.013	0.005	0.003	0.062	0.049	0.107	0.002	0.007
0.205	0.003	0.000	0.000	0.070	0.092	0.000	0.141	0.002	0.189	0.049	0.002	0.013	0.005	0.003	0.062	0.049	0.107	0.002	0.007
0.205	0.003	0.000	0.000	0.070	0.092	0.000	0.141	0.002	0.189	0.049	0.002	0.013	0.005	0.003	0.062	0.049	0.107	0.002	0.007
0.205	0.003	0.000	0.000	0.070	0.092	0.000	0.141	0.002	0.189	0.049	0.002	0.013	0.005	0.003	0.062	0.049	0.107	0.002	0.007
0.205	0.003	0.000	0.000	0.070	0.092	0.000	0.141	0.002	0.189	0.049	0.002	0.013	0.005	0.003	0.062	0.049	0.107	0.002	0.007
0.205	0.003	0.000	0.000	0.070	0.092	0.000	0.141	0.002	0.189	0.049	0.002	0.013	0.005	0.003	0.062	0.049	0.107	0.002	0.007
0.205	0.003	0.000	0.000	0.070	0.092	0.000	0.141	0.002	0.189	0.049	0.002	0.013	0.005	0.003	0.062	0.049	0.107	0.002	0.007
0.205	0.003	0.000	0.000	0.070	0.092	0.000	0.141	0.002	0.189	0.049	0.002	0.013	0.005	0.003	0.062	0.049	0.107	0.002	0.007
0.205	0.003	0.000	0.000	0.070	0.092	0.000	0.141	0.002	0.189	0.049	0.002	0.013	0.005	0.003	0.062	0.049	0.107	0.002	0.007
0.205	0.003	0.000	0.000	0.070	0.092	0.000	0.141	0.002	0.189	0.049	0.002	0.013	0.005	0.003	0.062	0.049	0.107	0.002	0.007
0.205	0.003	0.000	0.000	0.070	0.092	0.000	0.141	0.002	0.189	0.049	0.002	0.013	0.005	0.003	0.062	0.049	0.107	0.002	0.007
0.205	0.003	0.000	0.000	0.070	0.092	0.000	0.141	0.002	0.189	0.049	0.002	0.013	0.005	0.003	0.062	0.049	0.107	0.002	0.007
0.269	0.000	0.004	0.013	0.022	0.150	0.018	0.031	0.000	0.026	0.013	0.026	0.031	0.009	0.009	0.189	0.101	0.079	0.009	0.000
0.269	0.000	0.004	0.013	0.022	0.150	0.018	0.031	0.000	0.026	0.013	0.026	0.031	0.009	0.009	0.189	0.101	0.079	0.009	0.000
0.269	0.000	0.004	0.013	0.022	0.150	0.018	0.031	0.000	0.026	0.013	0.026	0.031	0.009	0.009	0.189	0.101	0.079	0.009	0.000
0.269	0.000	0.004	0.013	0.022	0.150	0.018	0.031	0.000	0.026	0.013	0.026	0.031	0.009	0.009	0.189	0.101	0.079	0.009	0.000
0.269	0.000	0.004	0.013	0.022	0.150	0.018	0.031	0.000	0.026	0.013	0.026	0.031	0.009	0.009	0.189	0.101	0.079	0.009	0.000
0.385	0.000	0.000	0.000	0.000	0.000	0.000	0.077	0.000	0.000	0.000	0.026	0.000	0.000	0.000	0.154	0.128	0.231	0.000	0.000
0.256	0.000	0.000	0.000	0.077	0.051	0.000	0.000	0.000	0.077	0.026	0.051	0.000	0.000	0.000	0.282	0.103	0.051	0.026	0.000
0.821	0.000	0.000	0.000	0.000	0.077	0.000	0.000	0.000	0.000	0.000	0.000	0.000	0.000	0.000	0.103	0.000	0.000	0.000	0.000
0.282	0.026	0.026	0.103	0.000	0.077	0.000	0.026	0.051	0.000	0.026	0.026	0.026	0.128	0.051	0.026	0.051	0.051	0.000	0.026
0.051	0.000	0.051	0.231	0.000	0.051	0.000	0.051	0.000	0.000	0.000	0.051	0.051	0.051	0.051	0.154	0.077	0.103	0.000	0.026
0.077	0.026	0.051	0.077	0.026	0.128	0.000	0.077	0.051	0.000	0.000	0.026	0.077	0.051	0.051	0.077	0.154	0.051	0.000	0.000
0.000	0.000	0.077	0.051	0.077	0.103	0.000	0.051	0.051	0.026	0.000	0.077	0.128	0.051	0.051	0.128	0.077	0.051	0.000	0.000
0.051	0.000	0.077	0.128	0.051	0.103	0.000	0.077	0.000	0.077	0.000	0.026	0.026	0.026	0.000	0.154	0.051	0.103	0.000	0.051
0.0598	0.01	0.0613	0.0782	0.0406	0.0726	0.013	0.0769	0.0634	0.0713	0.0133	0.0621	0.0463	0.0238	0.0266	0.08	0.0611	0.0772	0.0123	0.0501
0	0	0	0	0	0	0	0	0	0	0	0	0	0	0	0	0	0	0	0
