0.000000 0.000000 0.000000 0.000000 0.000000 0.000000 0.000000 0.000000 0.000000 0.000000 0.000000 0.000000 0.000000 0.000000 0.000000 0.000000 0.000000 0.000000 0.000000 0.000000 
0.062283 0.004129 0.001981 0.004386 0.103432 0.065209 0.014429 0.116773 0.007355 0.298832 0.033920 0.007947 0.014798 0.003272 0.019301 0.023907 0.023259 0.053947 0.066638 0.074201 
0.062283 0.004129 0.001981 0.004386 0.103432 0.065209 0.014429 0.116773 0.007355 0.298832 0.033920 0.007947 0.014798 0.003272 0.019301 0.023907 0.023259 0.053947 0.066638 0.074201 
0.062283 0.004129 0.001981 0.004386 0.103432 0.065209 0.014429 0.116773 0.007355 0.298832 0.033920 0.007947 0.014798 0.003272 0.019301 0.023907 0.023259 0.053947 0.066638 0.074201 
0.062283 0.004129 0.001981 0.004386 0.103432 0.065209 0.014429 0.116773 0.007355 0.298832 0.033920 0.007947 0.014798 0.003272 0.019301 0.023907 0.023259 0.053947 0.066638 0.074201 
0.084709 0.005801 0.017902 0.030915 0.053921 0.045878 0.020410 0.063199 0.022072 0.323393 0.031412 0.016388 0.031225 0.017935 0.024532 0.032796 0.037692 0.080157 0.027864 0.031799 
0.104008 0.007298 0.002777 0.005192 0.149995 0.046230 0.012998 0.130121 0.002814 0.248675 0.022613 0.006539 0.004499 0.001470 0.002414 0.020150 0.027730 0.180757 0.011721 0.012001 
0.104008 0.007298 0.002777 0.005192 0.149995 0.046230 0.012998 0.130121 0.002814 0.248675 0.022613 0.006539 0.004499 0.001470 0.002414 0.020150 0.027730 0.180757 0.011721 0.012001 
0.104008 0.007298 0.002777 0.005192 0.149995 0.046230 0.012998 0.130121 0.002814 0.248675 0.022613 0.006539 0.004499 0.001470 0.002414 0.020150 0.027730 0.180757 0.011721 0.012001 
0.104008 0.007298 0.002777 0.005192 0.149995 0.046230 0.012998 0.130121 0.002814 0.248675 0.022613 0.006539 0.004499 0.001470 0.002414 0.020150 0.027730 0.180757 0.011721 0.012001 
0.104008 0.007298 0.002777 0.005192 0.149995 0.046230 0.012998 0.130121 0.002814 0.248675 0.022613 0.006539 0.004499 0.001470 0.002414 0.020150 0.027730 0.180757 0.011721 0.012001 
0.104008 0.007298 0.002777 0.005192 0.149995 0.046230 0.012998 0.130121 0.002814 0.248675 0.022613 0.006539 0.004499 0.001470 0.002414 0.020150 0.027730 0.180757 0.011721 0.012001 
0.104008 0.007298 0.002777 0.005192 0.149995 0.046230 0.012998 0.130121 0.002814 0.248675 0.022613 0.006539 0.004499 0.001470 0.002414 0.020150 0.027730 0.180757 0.011721 0.012001 
0.104008 0.007298 0.002777 0.005192 0.149995 0.046230 0.012998 0.130121 0.002814 0.248675 0.022613 0.006539 0.004499 0.001470 0.002414 0.020150 0.027730 0.180757 0.011721 0.012001 
0.104008 0.007298 0.002777 0.005192 0.149995 0.046230 0.012998 0.130121 0.002814 0.248675 0.022613 0.006539 0.004499 0.001470 0.002414 0.020150 0.027730 0.180757 0.011721 0.012001 
0.104008 0.007298 0.002777 0.005192 0.149995 0.046230 0.012998 0.130121 0.002814 0.248675 0.022613 0.006539 0.004499 0.001470 0.002414 0.020150 0.027730 0.180757 0.011721 0.012001 
0.104008 0.007298 0.002777 0.005192 0.149995 0.046230 0.012998 0.130121 0.002814 0.248675 0.022613 0.006539 0.004499 0.001470 0.002414 0.020150 0.027730 0.180757 0.011721 0.012001 
0.104008 0.007298 0.002777 0.005192 0.149995 0.046230 0.012998 0.130121 0.002814 0.248675 0.022613 0.006539 0.004499 0.001470 0.002414 0.020150 0.027730 0.180757 0.011721 0.012001 
0.104008 0.007298 0.002777 0.005192 0.149995 0.046230 0.012998 0.130121 0.002814 0.248675 0.022613 0.006539 0.004499 0.001470 0.002414 0.020150 0.027730 0.180757 0.011721 0.012001 
0.104008 0.007298 0.002777 0.005192 0.149995 0.046230 0.012998 0.130121 0.002814 0.248675 0.022613 0.006539 0.004499 0.001470 0.002414 0.020150 0.027730 0.180757 0.011721 0.012001 
0.104008 0.007298 0.002777 0.005192 0.149995 0.046230 0.012998 0.130121 0.002814 0.248675 0.022613 0.006539 0.004499 0.001470 0.002414 0.020150 0.027730 0.180757 0.011721 0.012001 
0.104008 0.007298 0.002777 0.005192 0.149995 0.046230 0.012998 0.130121 0.002814 0.248675 0.022613 0.006539 0.004499 0.001470 0.002414 0.020150 0.027730 0.180757 0.011721 0.012001 
0.104008 0.007298 0.002777 0.005192 0.149995 0.046230 0.012998 0.130121 0.002814 0.248675 0.022613 0.006539 0.004499 0.001470 0.002414 0.020150 0.027730 0.180757 0.011721 0.012001 
0.104008 0.007298 0.002777 0.005192 0.149995 0.046230 0.012998 0.130121 0.002814 0.248675 0.022613 0.006539 0.004499 0.001470 0.002414 0.020150 0.027730 0.180757 0.011721 0.012001 
0.104008 0.007298 0.002777 0.005192 0.149995 0.046230 0.012998 0.130121 0.002814 0.248675 0.022613 0.006539 0.004499 0.001470 0.002414 0.020150 0.027730 0.180757 0.011721 0.012001 
0.104008 0.007298 0.002777 0.005192 0.149995 0.046230 0.012998 0.130121 0.002814 0.248675 0.022613 0.006539 0.004499 0.001470 0.002414 0.020150 0.027730 0.180757 0.011721 0.012001 
0.104008 0.007298 0.002777 0.005192 0.149995 0.046230 0.012998 0.130121 0.002814 0.248675 0.022613 0.006539 0.004499 0.001470 0.002414 0.020150 0.027730 0.180757 0.011721 0.012001 
0.104008 0.007298 0.002777 0.005192 0.149995 0.046230 0.012998 0.130121 0.002814 0.248675 0.022613 0.006539 0.004499 0.001470 0.002414 0.020150 0.027730 0.180757 0.011721 0.012001 
0.104008 0.007298 0.002777 0.005192 0.149995 0.046230 0.012998 0.130121 0.002814 0.248675 0.022613 0.006539 0.004499 0.001470 0.002414 0.020150 0.027730 0.180757 0.011721 0.012001 
0.104008 0.007298 0.002777 0.005192 0.149995 0.046230 0.012998 0.130121 0.002814 0.248675 0.022613 0.006539 0.004499 0.001470 0.002414 0.020150 0.027730 0.180757 0.011721 0.012001 
0.104008 0.007298 0.002777 0.005192 0.149995 0.046230 0.012998 0.130121 0.002814 0.248675 0.022613 0.006539 0.004499 0.001470 0.002414 0.020150 0.027730 0.180757 0.011721 0.012001 
0.084709 0.005801 0.017902 0.030915 0.053921 0.045878 0.020410 0.063199 0.022072 0.323393 0.031412 0.016388 0.031225 0.017935 0.024532 0.032796 0.037692 0.080157 0.027864 0.031799 
0.164977 0.004088 0.005331 0.005470 0.114178 0.028512 0.008974 0.122788 0.007515 0.176481 0.042040 0.001564 0.004857 0.006337 0.010638 0.019440 0.017309 0.114447 0.063186 0.081867 
0.164977 0.004088 0.005331 0.005470 0.114178 0.028512 0.008974 0.122788 0.007515 0.176481 0.042040 0.001564 0.004857 0.006337 0.010638 0.019440 0.017309 0.114447 0.063186 0.081867 
0.164977 0.004088 0.005331 0.005470 0.114178 0.028512 0.008974 0.122788 0.007515 0.176481 0.042040 0.001564 0.004857 0.006337 0.010638 0.019440 0.017309 0.114447 0.063186 0.081867 
0.164977 0.004088 0.005331 0.005470 0.114178 0.028512 0.008974 0.122788 0.007515 0.176481 0.042040 0.001564 0.004857 0.006337 0.010638 0.019440 0.017309 0.114447 0.063186 0.081867 
0.063456 0.002656 0.071644 0.070330 0.032035 0.102670 0.023889 0.021258 0.019082 0.089396 0.030477 0.035605 0.111310 0.057673 0.024932 0.079446 0.061581 0.025396 0.041126 0.036037 
0.063456 0.002656 0.071644 0.070330 0.032035 0.102670 0.023889 0.021258 0.019082 0.089396 0.030477 0.035605 0.111310 0.057673 0.024932 0.079446 0.061581 0.025396 0.041126 0.036037 
0.063456 0.002656 0.071644 0.070330 0.032035 0.102670 0.023889 0.021258 0.019082 0.089396 0.030477 0.035605 0.111310 0.057673 0.024932 0.079446 0.061581 0.025396 0.041126 0.036037 
0.063456 0.002656 0.071644 0.070330 0.032035 0.102670 0.023889 0.021258 0.019082 0.089396 0.030477 0.035605 0.111310 0.057673 0.024932 0.079446 0.061581 0.025396 0.041126 0.036037 
0.063456 0.002656 0.071644 0.070330 0.032035 0.102670 0.023889 0.021258 0.019082 0.089396 0.030477 0.035605 0.111310 0.057673 0.024932 0.079446 0.061581 0.025396 0.041126 0.036037 
0.063456 0.002656 0.071644 0.070330 0.032035 0.102670 0.023889 0.021258 0.019082 0.089396 0.030477 0.035605 0.111310 0.057673 0.024932 0.079446 0.061581 0.025396 0.041126 0.036037 
0.063456 0.002656 0.071644 0.070330 0.032035 0.102670 0.023889 0.021258 0.019082 0.089396 0.030477 0.035605 0.111310 0.057673 0.024932 0.079446 0.061581 0.025396 0.041126 0.036037 
0.063456 0.002656 0.071644 0.070330 0.032035 0.102670 0.023889 0.021258 0.019082 0.089396 0.030477 0.035605 0.111310 0.057673 0.024932 0.079446 0.061581 0.025396 0.041126 0.036037 
0.063456 0.002656 0.071644 0.070330 0.032035 0.102670 0.023889 0.021258 0.019082 0.089396 0.030477 0.035605 0.111310 0.057673 0.024932 0.079446 0.061581 0.025396 0.041126 0.036037 
0.063456 0.002656 0.071644 0.070330 0.032035 0.102670 0.023889 0.021258 0.019082 0.089396 0.030477 0.035605 0.111310 0.057673 0.024932 0.079446 0.061581 0.025396 0.041126 0.036037 
0.075723 0.017240 0.093602 0.050214 0.026836 0.076243 0.025195 0.041528 0.047955 0.057779 0.010843 0.039411 0.117870 0.065701 0.051105 0.049338 0.039429 0.038580 0.034628 0.040781 
0.063456 0.002656 0.071644 0.070330 0.032035 0.102670 0.023889 0.021258 0.019082 0.089396 0.030477 0.035605 0.111310 0.057673 0.024932 0.079446 0.061581 0.025396 0.041126 0.036037 
0.063456 0.002656 0.071644 0.070330 0.032035 0.102670 0.023889 0.021258 0.019082 0.089396 0.030477 0.035605 0.111310 0.057673 0.024932 0.079446 0.061581 0.025396 0.041126 0.036037 
0.063456 0.002656 0.071644 0.070330 0.032035 0.102670 0.023889 0.021258 0.019082 0.089396 0.030477 0.035605 0.111310 0.057673 0.024932 0.079446 0.061581 0.025396 0.041126 0.036037 
0.063456 0.002656 0.071644 0.070330 0.032035 0.102670 0.023889 0.021258 0.019082 0.089396 0.030477 0.035605 0.111310 0.057673 0.024932 0.079446 0.061581 0.025396 0.041126 0.036037 
0.063456 0.002656 0.071644 0.070330 0.032035 0.102670 0.023889 0.021258 0.019082 0.089396 0.030477 0.035605 0.111310 0.057673 0.024932 0.079446 0.061581 0.025396 0.041126 0.036037 
0.063456 0.002656 0.071644 0.070330 0.032035 0.102670 0.023889 0.021258 0.019082 0.089396 0.030477 0.035605 0.111310 0.057673 0.024932 0.079446 0.061581 0.025396 0.041126 0.036037 
0.063456 0.002656 0.071644 0.070330 0.032035 0.102670 0.023889 0.021258 0.019082 0.089396 0.030477 0.035605 0.111310 0.057673 0.024932 0.079446 0.061581 0.025396 0.041126 0.036037 
0.063456 0.002656 0.071644 0.070330 0.032035 0.102670 0.023889 0.021258 0.019082 0.089396 0.030477 0.035605 0.111310 0.057673 0.024932 0.079446 0.061581 0.025396 0.041126 0.036037 
0.063456 0.002656 0.071644 0.070330 0.032035 0.102670 0.023889 0.021258 0.019082 0.089396 0.030477 0.035605 0.111310 0.057673 0.024932 0.079446 0.061581 0.025396 0.041126 0.036037 
0.063456 0.002656 0.071644 0.070330 0.032035 0.102670 0.023889 0.021258 0.019082 0.089396 0.030477 0.035605 0.111310 0.057673 0.024932 0.079446 0.061581 0.025396 0.041126 0.036037 
0.164977 0.004088 0.005331 0.005470 0.114178 0.028512 0.008974 0.122788 0.007515 0.176481 0.042040 0.001564 0.004857 0.006337 0.010638 0.019440 0.017309 0.114447 0.063186 0.081867 
0.164977 0.004088 0.005331 0.005470 0.114178 0.028512 0.008974 0.122788 0.007515 0.176481 0.042040 0.001564 0.004857 0.006337 0.010638 0.019440 0.017309 0.114447 0.063186 0.081867 
0.164977 0.004088 0.005331 0.005470 0.114178 0.028512 0.008974 0.122788 0.007515 0.176481 0.042040 0.001564 0.004857 0.006337 0.010638 0.019440 0.017309 0.114447 0.063186 0.081867 
0.164977 0.004088 0.005331 0.005470 0.114178 0.028512 0.008974 0.122788 0.007515 0.176481 0.042040 0.001564 0.004857 0.006337 0.010638 0.019440 0.017309 0.114447 0.063186 0.081867 
0.084709 0.005801 0.017902 0.030915 0.053921 0.045878 0.020410 0.063199 0.022072 0.323393 0.031412 0.016388 0.031225 0.017935 0.024532 0.032796 0.037692 0.080157 0.027864 0.031799 
0.104008 0.007298 0.002777 0.005192 0.149995 0.046230 0.012998 0.130121 0.002814 0.248675 0.022613 0.006539 0.004499 0.001470 0.002414 0.020150 0.027730 0.180757 0.011721 0.012001 
0.104008 0.007298 0.002777 0.005192 0.149995 0.046230 0.012998 0.130121 0.002814 0.248675 0.022613 0.006539 0.004499 0.001470 0.002414 0.020150 0.027730 0.180757 0.011721 0.012001 
0.104008 0.007298 0.002777 0.005192 0.149995 0.046230 0.012998 0.130121 0.002814 0.248675 0.022613 0.006539 0.004499 0.001470 0.002414 0.020150 0.027730 0.180757 0.011721 0.012001 
0.104008 0.007298 0.002777 0.005192 0.149995 0.046230 0.012998 0.130121 0.002814 0.248675 0.022613 0.006539 0.004499 0.001470 0.002414 0.020150 0.027730 0.180757 0.011721 0.012001 
0.104008 0.007298 0.002777 0.005192 0.149995 0.046230 0.012998 0.130121 0.002814 0.248675 0.022613 0.006539 0.004499 0.001470 0.002414 0.020150 0.027730 0.180757 0.011721 0.012001 
0.104008 0.007298 0.002777 0.005192 0.149995 0.046230 0.012998 0.130121 0.002814 0.248675 0.022613 0.006539 0.004499 0.001470 0.002414 0.020150 0.027730 0.180757 0.011721 0.012001 
0.104008 0.007298 0.002777 0.005192 0.149995 0.046230 0.012998 0.130121 0.002814 0.248675 0.022613 0.006539 0.004499 0.001470 0.002414 0.020150 0.027730 0.180757 0.011721 0.012001 
0.104008 0.007298 0.002777 0.005192 0.149995 0.046230 0.012998 0.130121 0.002814 0.248675 0.022613 0.006539 0.004499 0.001470 0.002414 0.020150 0.027730 0.180757 0.011721 0.012001 
0.104008 0.007298 0.002777 0.005192 0.149995 0.046230 0.012998 0.130121 0.002814 0.248675 0.022613 0.006539 0.004499 0.001470 0.002414 0.020150 0.027730 0.180757 0.011721 0.012001 
0.104008 0.007298 0.002777 0.005192 0.149995 0.046230 0.012998 0.130121 0.002814 0.248675 0.022613 0.006539 0.004499 0.001470 0.002414 0.020150 0.027730 0.180757 0.011721 0.012001 
0.104008 0.007298 0.002777 0.005192 0.149995 0.046230 0.012998 0.130121 0.002814 0.248675 0.022613 0.006539 0.004499 0.001470 0.002414 0.020150 0.027730 0.180757 0.011721 0.012001 
0.104008 0.007298 0.002777 0.005192 0.149995 0.046230 0.012998 0.130121 0.002814 0.248675 0.022613 0.006539 0.004499 0.001470 0.002414 0.020150 0.027730 0.180757 0.011721 0.012001 
0.104008 0.007298 0.002777 0.005192 0.149995 0.046230 0.012998 0.130121 0.002814 0.248675 0.022613 0.006539 0.004499 0.001470 0.002414 0.020150 0.027730 0.180757 0.011721 0.012001 
0.104008 0.007298 0.002777 0.005192 0.149995 0.046230 0.012998 0.130121 0.002814 0.248675 0.022613 0.006539 0.004499 0.001470 0.002414 0.020150 0.027730 0.180757 0.011721 0.012001 
0.104008 0.007298 0.002777 0.005192 0.149995 0.046230 0.012998 0.130121 0.002814 0.248675 0.022613 0.006539 0.004499 0.001470 0.002414 0.020150 0.027730 0.180757 0.011721 0.012001 
0.104008 0.007298 0.002777 0.005192 0.149995 0.046230 0.012998 0.130121 0.002814 0.248675 0.022613 0.006539 0.004499 0.001470 0.002414 0.020150 0.027730 0.180757 0.011721 0.012001 
0.104008 0.007298 0.002777 0.005192 0.149995 0.046230 0.012998 0.130121 0.002814 0.248675 0.022613 0.006539 0.004499 0.001470 0.002414 0.020150 0.027730 0.180757 0.011721 0.012001 
0.104008 0.007298 0.002777 0.005192 0.149995 0.046230 0.012998 0.130121 0.002814 0.248675 0.022613 0.006539 0.004499 0.001470 0.002414 0.020150 0.027730 0.180757 0.011721 0.012001 
0.104008 0.007298 0.002777 0.005192 0.149995 0.046230 0.012998 0.130121 0.002814 0.248675 0.022613 0.006539 0.004499 0.001470 0.002414 0.020150 0.027730 0.180757 0.011721 0.012001 
0.104008 0.007298 0.002777 0.005192 0.149995 0.046230 0.012998 0.130121 0.002814 0.248675 0.022613 0.006539 0.004499 0.001470 0.002414 0.020150 0.027730 0.180757 0.011721 0.012001 
0.104008 0.007298 0.002777 0.005192 0.149995 0.046230 0.012998 0.130121 0.002814 0.248675 0.022613 0.006539 0.004499 0.001470 0.002414 0.020150 0.027730 0.180757 0.011721 0.012001 
0.104008 0.007298 0.002777 0.005192 0.149995 0.046230 0.012998 0.130121 0.002814 0.248675 0.022613 0.006539 0.004499 0.001470 0.002414 0.020150 0.027730 0.180757 0.011721 0.012001 
0.104008 0.007298 0.002777 0.005192 0.149995 0.046230 0.012998 0.130121 0.002814 0.248675 0.022613 0.006539 0.004499 0.001470 0.002414 0.020150 0.027730 0.180757 0.011721 0.012001 
0.104008 0.007298 0.002777 0.005192 0.149995 0.046230 0.012998 0.130121 0.002814 0.248675 0.022613 0.006539 0.004499 0.001470 0.002414 0.020150 0.027730 0.180757 0.011721 0.012001 
0.104008 0.007298 0.002777 0.005192 0.149995 0.046230 0.012998 0.130121 0.002814 0.248675 0.022613 0.006539 0.004499 0.001470 0.002414 0.020150 0.027730 0.180757 0.011721 0.012001 
0.084709 0.005801 0.017902 0.030915 0.053921 0.045878 0.020410 0.063199 0.022072 0.323393 0.031412 0.016388 0.031225 0.017935 0.024532 0.032796 0.037692 0.080157 0.027864 0.031799 
0.062283 0.004129 0.001981 0.004386 0.103432 0.065209 0.014429 0.116773 0.007355 0.298832 0.033920 0.007947 0.014798 0.003272 0.019301 0.023907 0.023259 0.053947 0.066638 0.074201 
0.062283 0.004129 0.001981 0.004386 0.103432 0.065209 0.014429 0.116773 0.007355 0.298832 0.033920 0.007947 0.014798 0.003272 0.019301 0.023907 0.023259 0.053947 0.066638 0.074201 
0.062283 0.004129 0.001981 0.004386 0.103432 0.065209 0.014429 0.116773 0.007355 0.298832 0.033920 0.007947 0.014798 0.003272 0.019301 0.023907 0.023259 0.053947 0.066638 0.074201 
0.062283 0.004129 0.001981 0.004386 0.103432 0.065209 0.014429 0.116773 0.007355 0.298832 0.033920 0.007947 0.014798 0.003272 0.019301 0.023907 0.023259 0.053947 0.066638 0.074201 
0.064892 0.005436 0.053549 0.039398 0.027180 0.059230 0.046102 0.030487 0.067226 0.063201 0.018761 0.066566 0.064389 0.054623 0.145949 0.070082 0.054239 0.031562 0.012014 0.025113 
0.064892 0.005436 0.053549 0.039398 0.027180 0.059230 0.046102 0.030487 0.067226 0.063201 0.018761 0.066566 0.064389 0.054623 0.145949 0.070082 0.054239 0.031562 0.012014 0.025113 
0.064892 0.005436 0.053549 0.039398 0.027180 0.059230 0.046102 0.030487 0.067226 0.063201 0.018761 0.066566 0.064389 0.054623 0.145949 0.070082 0.054239 0.031562 0.012014 0.025113 
0.064892 0.005436 0.053549 0.039398 0.027180 0.059230 0.046102 0.030487 0.067226 0.063201 0.018761 0.066566 0.064389 0.054623 0.145949 0.070082 0.054239 0.031562 0.012014 0.025113 
0.064892 0.005436 0.053549 0.039398 0.027180 0.059230 0.046102 0.030487 0.067226 0.063201 0.018761 0.066566 0.064389 0.054623 0.145949 0.070082 0.054239 0.031562 0.012014 0.025113 
0.064892 0.005436 0.053549 0.039398 0.027180 0.059230 0.046102 0.030487 0.067226 0.063201 0.018761 0.066566 0.064389 0.054623 0.145949 0.070082 0.054239 0.031562 0.012014 0.025113 
0.064892 0.005436 0.053549 0.039398 0.027180 0.059230 0.046102 0.030487 0.067226 0.063201 0.018761 0.066566 0.064389 0.054623 0.145949 0.070082 0.054239 0.031562 0.012014 0.025113 
0.064892 0.005436 0.053549 0.039398 0.027180 0.059230 0.046102 0.030487 0.067226 0.063201 0.018761 0.066566 0.064389 0.054623 0.145949 0.070082 0.054239 0.031562 0.012014 0.025113 
0.064892 0.005436 0.053549 0.039398 0.027180 0.059230 0.046102 0.030487 0.067226 0.063201 0.018761 0.066566 0.064389 0.054623 0.145949 0.070082 0.054239 0.031562 0.012014 0.025113 
0.064892 0.005436 0.053549 0.039398 0.027180 0.059230 0.046102 0.030487 0.067226 0.063201 0.018761 0.066566 0.064389 0.054623 0.145949 0.070082 0.054239 0.031562 0.012014 0.025113 
0.069420 0.006242 0.093050 0.077752 0.024010 0.101924 0.018615 0.030113 0.047346 0.069330 0.011335 0.054552 0.094713 0.039639 0.077659 0.048653 0.055533 0.051917 0.013091 0.015106 
0.064892 0.005436 0.053549 0.039398 0.027180 0.059230 0.046102 0.030487 0.067226 0.063201 0.018761 0.066566 0.064389 0.054623 0.145949 0.070082 0.054239 0.031562 0.012014 0.025113 
0.064892 0.005436 0.053549 0.039398 0.027180 0.059230 0.046102 0.030487 0.067226 0.063201 0.018761 0.066566 0.064389 0.054623 0.145949 0.070082 0.054239 0.031562 0.012014 0.025113 
0.064892 0.005436 0.053549 0.039398 0.027180 0.059230 0.046102 0.030487 0.067226 0.063201 0.018761 0.066566 0.064389 0.054623 0.145949 0.070082 0.054239 0.031562 0.012014 0.025113 
0.064892 0.005436 0.053549 0.039398 0.027180 0.059230 0.046102 0.030487 0.067226 0.063201 0.018761 0.066566 0.064389 0.054623 0.145949 0.070082 0.054239 0.031562 0.012014 0.025113 
0.064892 0.005436 0.053549 0.039398 0.027180 0.059230 0.046102 0.030487 0.067226 0.063201 0.018761 0.066566 0.064389 0.054623 0.145949 0.070082 0.054239 0.031562 0.012014 0.025113 
0.064892 0.005436 0.053549 0.039398 0.027180 0.059230 0.046102 0.030487 0.067226 0.063201 0.018761 0.066566 0.064389 0.054623 0.145949 0.070082 0.054239 0.031562 0.012014 0.025113 
0.064892 0.005436 0.053549 0.039398 0.027180 0.059230 0.046102 0.030487 0.067226 0.063201 0.018761 0.066566 0.064389 0.054623 0.145949 0.070082 0.054239 0.031562 0.012014 0.025113 
0.064892 0.005436 0.053549 0.039398 0.027180 0.059230 0.046102 0.030487 0.067226 0.063201 0.018761 0.066566 0.064389 0.054623 0.145949 0.070082 0.054239 0.031562 0.012014 0.025113 
0.064892 0.005436 0.053549 0.039398 0.027180 0.059230 0.046102 0.030487 0.067226 0.063201 0.018761 0.066566 0.064389 0.054623 0.145949 0.070082 0.054239 0.031562 0.012014 0.025113 
0.064892 0.005436 0.053549 0.039398 0.027180 0.059230 0.046102 0.030487 0.067226 0.063201 0.018761 0.066566 0.064389 0.054623 0.145949 0.070082 0.054239 0.031562 0.012014 0.025113 
0.000000 0.000000 0.000000 0.000000 0.000000 0.000000 0.000000 0.000000 0.000000 0.000000 0.000000 0.000000 0.000000 0.000000 0.000000 0.000000 0.000000 0.000000 0.000000 0.000000 
