0.000000 0.000000 0.000000 0.000000 0.000000 0.000000 0.000000 0.000000 0.000000 0.000000 0.000000 0.000000 0.000000 0.000000 0.000000 0.000000 0.000000 0.000000 0.000000 0.000000
0.062283 0.004129 0.001981 0.004386 0.103432 0.065209 0.014429 0.116773 0.007355 0.298832 0.033920 0.007947 0.014798 0.003272 0.019301 0.023907 0.023259 0.053947 0.066638 0.074201
0.062283 0.004129 0.001981 0.004386 0.103432 0.065209 0.014429 0.116773 0.007355 0.298832 0.033920 0.007947 0.014798 0.003272 0.019301 0.023907 0.023259 0.053947 0.066638 0.074201
0.062283 0.004129 0.001981 0.004386 0.103432 0.065209 0.014429 0.116773 0.007355 0.298832 0.033920 0.007947 0.014798 0.003272 0.019301 0.023907 0.023259 0.053947 0.066638 0.074201
0.062283 0.004129 0.001981 0.004386 0.103432 0.065209 0.014429 0.116773 0.007355 0.298832 0.033920 0.007947 0.014798 0.003272 0.019301 0.023907 0.023259 0.053947 0.066638 0.074201
0.084709 0.005801 0.017902 0.030915 0.053921 0.045878 0.020410 0.063199 0.022072 0.323393 0.031412 0.016388 0.031225 0.017935 0.024532 0.032796 0.037692 0.080157 0.027864 0.031799
0.104008 0.007298 0.002777 0.005192 0.149995 0.046230 0.012998 0.130121 0.002814 0.248675 0.022613 0.006539 0.004499 0.001470 0.002414 0.020150 0.027730 0.180757 0.011721 0.012001
0.104008 0.007298 0.002777 0.005192 0.149995 0.046230 0.012998 0.130121 0.002814 0.248675 0.022613 0.006539 0.004499 0.001470 0.002414 0.020150 0.027730 0.180757 0.011721 0.012001
0.104008 0.007298 0.002777 0.005192 0.149995 0.046230 0.012998 0.130121 0.002814 0.248675 0.022613 0.006539 0.004499 0.001470 0.002414 0.020150 0.027730 0.180757 0.011721 0.012001
0.104008 0.007298 0.002777 0.005192 0.149995 0.046230 0.012998 0.130121 0.002814 0.248675 0.022613 0.006539 0.004499 0.001470 0.002414 0.020150 0.027730 0.180757 0.011721 0.012001
0.104008 0.007298 0.002777 0.005192 0.149995 0.046230 0.012998 0.130121 0.002814 0.248675 0.022613 0.006539 0.004499 0.001470 0.002414 0.020150 0.027730 0.180757 0.011721 0.012001
0.104008 0.007298 0.002777 0.005192 0.149995 0.046230 0.012998 0.130121 0.002814 0.248675 0.022613 0.006539 0.004499 0.001470 0.002414 0.020150 0.027730 0.180757 0.011721 0.012001
0.104008 0.007298 0.002777 0.005192 0.149995 0.046230 0.012998 0.130121 0.002814 0.248675 0.022613 0.006539 0.004499 0.001470 0.002414 0.020150 0.027730 0.180757 0.011721 0.012001
0.104008 0.007298 0.002777 0.005192 0.149995 0.046230 0.012998 0.130121 0.002814 0.248675 0.022613 0.006539 0.004499 0.001470 0.002414 0.020150 0.027730 0.180757 0.011721 0.012001
0.104008 0.007298 0.002777 0.005192 0.149995 0.046230 0.012998 0.130121 0.002814 0.248675 0.022613 0.006539 0.004499 0.001470 0.002414 0.020150 0.027730 0.180757 0.011721 0.012001
0.104008 0.007298 0.002777 0.005192 0.149995 0.046230 0.012998 0.130121 0.002814 0.248675 0.022613 0.006539 0.004499 0.001470 0.002414 0.020150 0.027730 0.180757 0.011721 0.012001
0.104008 0.007298 0.002777 0.005192 0.149995 0.046230 0.012998 0.130121 0.002814 0.248675 0.022613 0.006539 0.004499 0.001470 0.002414 0.020150 0.027730 0.180757 0.011721 0.012001
0.104008 0.007298 0.002777 0.005192 0.149995 0.046230 0.012998 0.130121 0.002814 0.248675 0.022613 0.006539 0.004499 0.001470 0.002414 0.020150 0.027730 0.180757 0.011721 0.012001
0.104008 0.007298 0.002777 0.005192 0.149995 0.046230 0.012998 0.130121 0.002814 0.248675 0.022613 0.006539 0.004499 0.001470 0.002414 0.020150 0.027730 0.180757 0.011721 0.012001
0.104008 0.007298 0.002777 0.005192 0.149995 0.046230 0.012998 0.130121 0.002814 0.248675 0.022613 0.006539 0.004499 0.001470 0.002414 0.020150 0.027730 0.180757 0.011721 0.012001
0.104008 0.007298 0.002777 0.005192 0.149995 0.046230 0.012998 0.130121 0.002814 0.248675 0.022613 0.006539 0.004499 0.001470 0.002414 0.020150 0.027730 0.180757 0.011721 0.012001
0.104008 0.007298 0.002777 0.005192 0.149995 0.046230 0.012998 0.130121 0.002814 0.248675 0.022613 0.006539 0.004499 0.001470 0.002414 0.020150 0.027730 0.180757 0.011721 0.012001
0.104008 0.007298 0.002777 0.005192 0.149995 0.046230 0.012998 0.130121 0.002814 0.248675 0.022613 0.006539 0.004499 0.001470 0.002414 0.020150 0.027730 0.180757 0.011721 0.012001
0.104008 0.007298 0.002777 0.005192 0.149995 0.046230 0.012998 0.130121 0.002814 0.248675 0.022613 0.006539 0.004499 0.001470 0.002414 0.020150 0.027730 0.180757 0.011721 0.012001
0.104008 0.007298 0.002777 0.005192 0.149995 0.046230 0.012998 0.130121 0.002814 0.248675 0.022613 0.006539 0.004499 0.001470 0.002414 0.020150 0.027730 0.180757 0.011721 0.012001
0.104008 0.007298 0.002777 0.005192 0.149995 0.046230 0.012998 0.130121 0.002814 0.248675 0.022613 0.006539 0.004499 0.001470 0.002414 0.020150 0.027730 0.180757 0.011721 0.012001
0.104008 0.007298 0.002777 0.005192 0.149995 0.046230 0.012998 0.130121 0.002814 0.248675 0.022613 0.006539 0.004499 0.001470 0.002414 0.020150 0.027730 0.180757 0.011721 0.012001
0.104008 0.007298 0.002777 0.005192 0.149995 0.046230 0.012998 0.130121 0.002814 0.248675 0.022613 0.006539 0.004499 0.001470 0.002414 0.020150 0.027730 0.180757 0.011721 0.012001
0.104008 0.007298 0.002777 0.005192 0.149995 0.046230 0.012998 0.130121 0.002814 0.248675 0.022613 0.006539 0.004499 0.001470 0.002414 0.020150 0.027730 0.180757 0.011721 0.012001
0.104008 0.007298 0.002777 0.005192 0.149995 0.046230 0.012998 0.130121 0.002814 0.248675 0.022613 0.006539 0.004499 0.001470 0.002414 0.020150 0.027730 0.180757 0.011721 0.012001
0.104008 0.007298 0.002777 0.005192 0.149995 0.046230 0.012998 0.130121 0.002814 0.248675 0.022613 0.006539 0.004499 0.001470 0.002414 0.020150 0.027730 0.180757 0.011721 0.012001
0.084709 0.005801 0.017902 0.030915 0.053921 0.045878 0.020410 0.063199 0.022072 0.323393 0.031412 0.016388 0.031225 0.017935 0.024532 0.032796 0.037692 0.080157 0.027864 0.031799
0.164977 0.004088 0.005331 0.005470 0.114178 0.028512 0.008974 0.122788 0.007515 0.176481 0.042040 0.001564 0.004857 0.006337 0.010638 0.019440 0.017309 0.114447 0.063186 0.081867
0.164977 0.004088 0.005331 0.005470 0.114178 0.028512 0.008974 0.122788 0.007515 0.176481 0.042040 0.001564 0.004857 0.006337 0.010638 0.019440 0.017309 0.114447 0.063186 0.081867
0.164977 0.004088 0.005331 0.005470 0.114178 0.028512 0.008974 0.122788 0.007515 0.176481 0.042040 0.001564 0.004857 0.006337 0.010638 0.019440 0.017309 0.114447 0.063186 0.081867
0.164977 0.004088 0.005331 0.005470 0.114178 0.028512 0.008974 0.122788 0.007515 0.176481 0.042040 0.001564 0.004857 0.006337 0.010638 0.019440 0.017309 0.114447 0.063186 0.081867
0.063456 0.002656 0.071644 0.070330 0.032035 0.102670 0.023889 0.021258 0.019082 0.089396 0.030477 0.035605 0.111310 0.057673 0.024932 0.079446 0.061581 0.025396 0.041126 0.036037
0.063456 0.002656 0.071644 0.070330 0.032035 0.102670 0.023889 0.021258 0.019082 0.089396 0.030477 0.035605 0.111310 0.057673 0.024932 0.079446 0.061581 0.025396 0.041126 0.036037
0.063456 0.002656 0.071644 0.070330 0.032035 0.102670 0.023889 0.021258 0.019082 0.089396 0.030477 0.035605 0.111310 0.057673 0.024932 0.079446 0.061581 0.025396 0.041126 0.036037
0.063456 0.002656 0.071644 0.070330 0.032035 0.102670 0.023889 0.021258 0.019082 0.089396 0.030477 0.035605 0.111310 0.057673 0.024932 0.079446 0.061581 0.025396 0.041126 0.036037
0.063456 0.002656 0.071644 0.070330 0.032035 0.102670 0.023889 0.021258 0.019082 0.089396 0.030477 0.035605 0.111310 0.057673 0.024932 0.079446 0.061581 0.025396 0.041126 0.036037
0.063456 0.002656 0.071644 0.070330 0.032035 0.102670 0.023889 0.021258 0.019082 0.089396 0.030477 0.035605 0.111310 0.057673 0.024932 0.079446 0.061581 0.025396 0.041126 0.036037
0.063456 0.002656 0.071644 0.070330 0.032035 0.102670 0.023889 0.021258 0.019082 0.089396 0.030477 0.035605 0.111310 0.057673 0.024932 0.079446 0.061581 0.025396 0.041126 0.036037
0.063456 0.002656 0.071644 0.070330 0.032035 0.102670 0.023889 0.021258 0.019082 0.089396 0.030477 0.035605 0.111310 0.057673 0.024932 0.079446 0.061581 0.025396 0.041126 0.036037
0.063456 0.002656 0.071644 0.070330 0.032035 0.102670 0.023889 0.021258 0.019082 0.089396 0.030477 0.035605 0.111310 0.057673 0.024932 0.079446 0.061581 0.025396 0.041126 0.036037
0.063456 0.002656 0.071644 0.070330 0.032035 0.102670 0.023889 0.021258 0.019082 0.089396 0.030477 0.035605 0.111310 0.057673 0.024932 0.079446 0.061581 0.025396 0.041126 0.036037
0.075723 0.017240 0.093602 0.050214 0.026836 0.076243 0.025195 0.041528 0.047955 0.057779 0.010843 0.039411 0.117870 0.065701 0.051105 0.049338 0.039429 0.038580 0.034628 0.040781
0.044739 0.022370 0.062138 0.050539 0.043082 0.057995 0.016570 0.045568 0.056338 0.091135 0.022370 0.049710 0.068766 0.046396 0.053853 0.072908 0.059652 0.075394 0.024027 0.036454
0.057899 0.016543 0.045492 0.055418 0.045492 0.062862 0.020678 0.071960 0.058726 0.121588 0.017370 0.040529 0.051282 0.031431 0.044665 0.062035 0.057899 0.073615 0.018197 0.046319
0.076033 0.029752 0.056198 0.066116 0.048760 0.047107 0.023967 0.039669 0.047107 0.090083 0.018182 0.046281 0.043802 0.045455 0.058678 0.078512 0.068595 0.062810 0.021488 0.031405
0.058581 0.027228 0.051155 0.053630 0.026403 0.074257 0.027228 0.042079 0.058581 0.097360 0.027228 0.037954 0.078383 0.042904 0.056106 0.074257 0.045380 0.065182 0.011551 0.044554
0.063427 0.011532 0.026359 0.038715 0.070840 0.056013 0.024712 0.052718 0.050247 0.102142 0.018122 0.039539 0.057661 0.042834 0.037891 0.084020 0.064250 0.082372 0.020593 0.056013
0.071487 0.024651 0.032868 0.050945 0.036154 0.087921 0.018077 0.053410 0.047658 0.094495 0.013969 0.023007 0.046836 0.044371 0.054232 0.075596 0.062449 0.062449 0.020542 0.078882
0.000000 0.000000 0.000000 0.000000 0.000000 0.000000 0.000000 0.000000 0.000000 0.000000 0.000000 1.000000 0.000000 0.000000 0.000000 0.000000 0.000000 0.000000 0.000000 0.000000
0.070666 0.036154 0.049302 0.048480 0.045193 0.096138 0.019721 0.069844 0.024651 0.092851 0.013147 0.031224 0.003287 0.048480 0.027116 0.084634 0.076417 0.101890 0.009860 0.050945
0.001643 0.000822 0.000000 0.004108 0.003287 0.000822 0.000822 0.004108 0.003287 0.003287 0.000822 0.006574 0.001643 0.003287 0.002465 0.375514 0.585867 0.000822 0.000000 0.000822
0.061627 0.022186 0.053410 0.085456 0.046015 0.048480 0.027116 0.050945 0.049302 0.112572 0.015612 0.038620 0.005752 0.046015 0.043550 0.076417 0.050945 0.087099 0.030403 0.048480
0.071487 0.022186 0.049302 0.069022 0.032868 0.045193 0.014790 0.068200 0.045193 0.086278 0.013147 0.050945 0.076417 0.032868 0.046015 0.084634 0.078882 0.069844 0.014790 0.027938
0.062449 0.028759 0.055053 0.069022 0.046836 0.070666 0.028759 0.042728 0.036976 0.096138 0.018077 0.053410 0.044371 0.024651 0.042728 0.061627 0.059162 0.101068 0.012325 0.045193
0.053410 0.013969 0.056697 0.071487 0.032868 0.055053 0.025472 0.050123 0.050123 0.109285 0.018899 0.050123 0.062449 0.045193 0.057518 0.086278 0.062449 0.059984 0.011504 0.027116
0.085427 0.015075 0.020101 0.045226 0.025126 0.075377 0.015075 0.050251 0.010050 0.035176 0.005025 0.025126 0.135678 0.025126 0.015075 0.276382 0.075377 0.055276 0.000000 0.010050
0.070352 0.010050 0.020101 0.060302 0.000000 0.241206 0.010050 0.020101 0.045226 0.025126 0.020101 0.010050 0.105528 0.040201 0.025126 0.080402 0.130653 0.075377 0.000000 0.010050
0.090452 0.015075 0.180905 0.020101 0.015075 0.040201 0.025126 0.020101 0.040201 0.060302 0.025126 0.020101 0.100503 0.020101 0.030151 0.140704 0.110553 0.025126 0.005025 0.015075
0.080402 0.000000 0.175879 0.050251 0.015075 0.055276 0.025126 0.020101 0.000000 0.020101 0.010050 0.025126 0.160804 0.030151 0.030151 0.115578 0.105528 0.060302 0.010050 0.010050
0.236181 0.020101 0.015075 0.050251 0.010050 0.085427 0.015075 0.020101 0.010050 0.030151 0.010050 0.025126 0.105528 0.035176 0.025126 0.135678 0.100503 0.045226 0.000000 0.025126
0.085427 0.000000 0.000000 0.010050 0.025126 0.080402 0.015075 0.040201 0.010050 0.040201 0.015075 0.010050 0.165829 0.005025 0.020101 0.135678 0.276382 0.045226 0.000000 0.020101
0.000000 0.000000 0.000000 0.000000 0.000000 0.000000 0.000000 0.000000 0.000000 0.000000 0.000000 0.000000 0.000000 0.000000 0.000000 1.000000 0.000000 0.000000 0.000000 0.000000
0.075377 0.005025 0.020101 0.201005 0.005025 0.080402 0.015075 0.025126 0.030151 0.055276 0.000000 0.005025 0.130653 0.020101 0.030151 0.130653 0.120603 0.045226 0.000000 0.005025
0.266332 0.005025 0.015075 0.030151 0.010050 0.105528 0.005025 0.030151 0.020101 0.040201 0.020101 0.010050 0.125628 0.020101 0.040201 0.115578 0.085427 0.040201 0.005025 0.010050
0.216080 0.030151 0.020101 0.020101 0.020101 0.065327 0.015075 0.020101 0.000000 0.035176 0.020101 0.010050 0.211055 0.030151 0.010050 0.105528 0.115578 0.040201 0.005025 0.010050
0.060302 0.010050 0.030151 0.015075 0.010050 0.065327 0.030151 0.015075 0.000000 0.035176 0.010050 0.020101 0.170854 0.025126 0.005025 0.125628 0.281407 0.070352 0.005025 0.015075
0.090452 0.010050 0.025126 0.045226 0.000000 0.226131 0.030151 0.015075 0.020101 0.040201 0.005025 0.040201 0.115578 0.050251 0.015075 0.090452 0.115578 0.050251 0.000000 0.015075
0.070352 0.015075 0.010050 0.035176 0.010050 0.065327 0.035176 0.035176 0.030151 0.035176 0.010050 0.010050 0.246231 0.055276 0.030151 0.105528 0.125628 0.045226 0.005025 0.025126
0.070175 0.017544 0.017544 0.087719 0.035088 0.052632 0.000000 0.070175 0.000000 0.052632 0.017544 0.000000 0.052632 0.000000 0.087719 0.175439 0.175439 0.017544 0.017544 0.052632
0.052632 0.017544 0.017544 0.070175 0.087719 0.017544 0.070175 0.000000 0.000000 0.035088 0.070175 0.000000 0.000000 0.000000 0.122807 0.192982 0.157895 0.017544 0.035088 0.035088
0.103448 0.017241 0.034483 0.017241 0.000000 0.068966 0.034483 0.034483 0.017241 0.068966 0.034483 0.034483 0.034483 0.017241 0.137931 0.120690 0.120690 0.000000 0.000000 0.103448
0.084746 0.000000 0.016949 0.000000 0.000000 0.000000 0.000000 0.016949 0.033898 0.033898 0.101695 0.101695 0.033898 0.033898 0.101695 0.254237 0.033898 0.000000 0.033898 0.118644
0.101695 0.067797 0.033898 0.016949 0.000000 0.050847 0.016949 0.033898 0.050847 0.084746 0.067797 0.000000 0.033898 0.000000 0.135593 0.118644 0.101695 0.000000 0.000000 0.084746
0.083333 0.016667 0.016667 0.016667 0.000000 0.066667 0.050000 0.050000 0.016667 0.050000 0.016667 0.016667 0.000000 0.033333 0.100000 0.116667 0.233333 0.016667 0.016667 0.083333
0.000000 0.000000 0.000000 0.000000 0.000000 0.000000 0.000000 0.000000 0.000000 0.000000 0.000000 0.000000 0.000000 0.000000 0.000000 0.000000 1.000000 0.000000 0.000000 0.000000
0.098361 0.049180 0.049180 0.016393 0.032787 0.065574 0.065574 0.016393 0.016393 0.049180 0.032787 0.016393 0.049180 0.000000 0.147541 0.098361 0.081967 0.016393 0.016393 0.081967
0.098361 0.000000 0.049180 0.081967 0.000000 0.032787 0.065574 0.016393 0.049180 0.016393 0.032787 0.016393 0.000000 0.032787 0.147541 0.131148 0.131148 0.000000 0.016393 0.081967
0.163934 0.000000 0.000000 0.016393 0.000000 0.032787 0.016393 0.049180 0.000000 0.016393 0.016393 0.016393 0.016393 0.032787 0.327869 0.098361 0.098361 0.000000 0.016393 0.081967
0.049180 0.016393 0.000000 0.032787 0.016393 0.065574 0.098361 0.049180 0.049180 0.032787 0.049180 0.016393 0.016393 0.032787 0.081967 0.098361 0.229508 0.000000 0.000000 0.065574
0.032787 0.049180 0.000000 0.000000 0.000000 0.049180 0.114754 0.016393 0.049180 0.049180 0.032787 0.065574 0.016393 0.016393 0.147541 0.180328 0.131148 0.000000 0.000000 0.049180
0.032787 0.065574 0.016393 0.065574 0.000000 0.081967 0.098361 0.032787 0.016393 0.016393 0.049180 0.049180 0.000000 0.049180 0.131148 0.098361 0.147541 0.000000 0.032787 0.016393
0.063456 0.002656 0.071644 0.070330 0.032035 0.102670 0.023889 0.021258 0.019082 0.089396 0.030477 0.035605 0.111310 0.057673 0.024932 0.079446 0.061581 0.025396 0.041126 0.036037
0.063456 0.002656 0.071644 0.070330 0.032035 0.102670 0.023889 0.021258 0.019082 0.089396 0.030477 0.035605 0.111310 0.057673 0.024932 0.079446 0.061581 0.025396 0.041126 0.036037
0.063456 0.002656 0.071644 0.070330 0.032035 0.102670 0.023889 0.021258 0.019082 0.089396 0.030477 0.035605 0.111310 0.057673 0.024932 0.079446 0.061581 0.025396 0.041126 0.036037
0.063456 0.002656 0.071644 0.070330 0.032035 0.102670 0.023889 0.021258 0.019082 0.089396 0.030477 0.035605 0.111310 0.057673 0.024932 0.079446 0.061581 0.025396 0.041126 0.036037
0.063456 0.002656 0.071644 0.070330 0.032035 0.102670 0.023889 0.021258 0.019082 0.089396 0.030477 0.035605 0.111310 0.057673 0.024932 0.079446 0.061581 0.025396 0.041126 0.036037
0.063456 0.002656 0.071644 0.070330 0.032035 0.102670 0.023889 0.021258 0.019082 0.089396 0.030477 0.035605 0.111310 0.057673 0.024932 0.079446 0.061581 0.025396 0.041126 0.036037
0.063456 0.002656 0.071644 0.070330 0.032035 0.102670 0.023889 0.021258 0.019082 0.089396 0.030477 0.035605 0.111310 0.057673 0.024932 0.079446 0.061581 0.025396 0.041126 0.036037
0.063456 0.002656 0.071644 0.070330 0.032035 0.102670 0.023889 0.021258 0.019082 0.089396 0.030477 0.035605 0.111310 0.057673 0.024932 0.079446 0.061581 0.025396 0.041126 0.036037
0.063456 0.002656 0.071644 0.070330 0.032035 0.102670 0.023889 0.021258 0.019082 0.089396 0.030477 0.035605 0.111310 0.057673 0.024932 0.079446 0.061581 0.025396 0.041126 0.036037
0.063456 0.002656 0.071644 0.070330 0.032035 0.102670 0.023889 0.021258 0.019082 0.089396 0.030477 0.035605 0.111310 0.057673 0.024932 0.079446 0.061581 0.025396 0.041126 0.036037
0.164977 0.004088 0.005331 0.005470 0.114178 0.028512 0.008974 0.122788 0.007515 0.176481 0.042040 0.001564 0.004857 0.006337 0.010638 0.019440 0.017309 0.114447 0.063186 0.081867
0.164977 0.004088 0.005331 0.005470 0.114178 0.028512 0.008974 0.122788 0.007515 0.176481 0.042040 0.001564 0.004857 0.006337 0.010638 0.019440 0.017309 0.114447 0.063186 0.081867
0.164977 0.004088 0.005331 0.005470 0.114178 0.028512 0.008974 0.122788 0.007515 0.176481 0.042040 0.001564 0.004857 0.006337 0.010638 0.019440 0.017309 0.114447 0.063186 0.081867
0.164977 0.004088 0.005331 0.005470 0.114178 0.028512 0.008974 0.122788 0.007515 0.176481 0.042040 0.001564 0.004857 0.006337 0.010638 0.019440 0.017309 0.114447 0.063186 0.081867
0.084709 0.005801 0.017902 0.030915 0.053921 0.045878 0.020410 0.063199 0.022072 0.323393 0.031412 0.016388 0.031225 0.017935 0.024532 0.032796 0.037692 0.080157 0.027864 0.031799
0.104008 0.007298 0.002777 0.005192 0.149995 0.046230 0.012998 0.130121 0.002814 0.248675 0.022613 0.006539 0.004499 0.001470 0.002414 0.020150 0.027730 0.180757 0.011721 0.012001
0.104008 0.007298 0.002777 0.005192 0.149995 0.046230 0.012998 0.130121 0.002814 0.248675 0.022613 0.006539 0.004499 0.001470 0.002414 0.020150 0.027730 0.180757 0.011721 0.012001
0.104008 0.007298 0.002777 0.005192 0.149995 0.046230 0.012998 0.130121 0.002814 0.248675 0.022613 0.006539 0.004499 0.001470 0.002414 0.020150 0.027730 0.180757 0.011721 0.012001
0.104008 0.007298 0.002777 0.005192 0.149995 0.046230 0.012998 0.130121 0.002814 0.248675 0.022613 0.006539 0.004499 0.001470 0.002414 0.020150 0.027730 0.180757 0.011721 0.012001
0.104008 0.007298 0.002777 0.005192 0.149995 0.046230 0.012998 0.130121 0.002814 0.248675 0.022613 0.006539 0.004499 0.001470 0.002414 0.020150 0.027730 0.180757 0.011721 0.012001
0.104008 0.007298 0.002777 0.005192 0.149995 0.046230 0.012998 0.130121 0.002814 0.248675 0.022613 0.006539 0.004499 0.001470 0.002414 0.020150 0.027730 0.180757 0.011721 0.012001
0.104008 0.007298 0.002777 0.005192 0.149995 0.046230 0.012998 0.130121 0.002814 0.248675 0.022613 0.006539 0.004499 0.001470 0.002414 0.020150 0.027730 0.180757 0.011721 0.012001
0.104008 0.007298 0.002777 0.005192 0.149995 0.046230 0.012998 0.130121 0.002814 0.248675 0.022613 0.006539 0.004499 0.001470 0.002414 0.020150 0.027730 0.180757 0.011721 0.012001
0.104008 0.007298 0.002777 0.005192 0.149995 0.046230 0.012998 0.130121 0.002814 0.248675 0.022613 0.006539 0.004499 0.001470 0.002414 0.020150 0.027730 0.180757 0.011721 0.012001
0.104008 0.007298 0.002777 0.005192 0.149995 0.046230 0.012998 0.130121 0.002814 0.248675 0.022613 0.006539 0.004499 0.001470 0.002414 0.020150 0.027730 0.180757 0.011721 0.012001
0.104008 0.007298 0.002777 0.005192 0.149995 0.046230 0.012998 0.130121 0.002814 0.248675 0.022613 0.006539 0.004499 0.001470 0.002414 0.020150 0.027730 0.180757 0.011721 0.012001
0.104008 0.007298 0.002777 0.005192 0.149995 0.046230 0.012998 0.130121 0.002814 0.248675 0.022613 0.006539 0.004499 0.001470 0.002414 0.020150 0.027730 0.180757 0.011721 0.012001
0.104008 0.007298 0.002777 0.005192 0.149995 0.046230 0.012998 0.130121 0.002814 0.248675 0.022613 0.006539 0.004499 0.001470 0.002414 0.020150 0.027730 0.180757 0.011721 0.012001
0.104008 0.007298 0.002777 0.005192 0.149995 0.046230 0.012998 0.130121 0.002814 0.248675 0.022613 0.006539 0.004499 0.001470 0.002414 0.020150 0.027730 0.180757 0.011721 0.012001
0.104008 0.007298 0.002777 0.005192 0.149995 0.046230 0.012998 0.130121 0.002814 0.248675 0.022613 0.006539 0.004499 0.001470 0.002414 0.020150 0.027730 0.180757 0.011721 0.012001
0.104008 0.007298 0.002777 0.005192 0.149995 0.046230 0.012998 0.130121 0.002814 0.248675 0.022613 0.006539 0.004499 0.001470 0.002414 0.020150 0.027730 0.180757 0.011721 0.012001
0.104008 0.007298 0.002777 0.005192 0.149995 0.046230 0.012998 0.130121 0.002814 0.248675 0.022613 0.006539 0.004499 0.001470 0.002414 0.020150 0.027730 0.180757 0.011721 0.012001
0.104008 0.007298 0.002777 0.005192 0.149995 0.046230 0.012998 0.130121 0.002814 0.248675 0.022613 0.006539 0.004499 0.001470 0.002414 0.020150 0.027730 0.180757 0.011721 0.012001
0.104008 0.007298 0.002777 0.005192 0.149995 0.046230 0.012998 0.130121 0.002814 0.248675 0.022613 0.006539 0.004499 0.001470 0.002414 0.020150 0.027730 0.180757 0.011721 0.012001
0.104008 0.007298 0.002777 0.005192 0.149995 0.046230 0.012998 0.130121 0.002814 0.248675 0.022613 0.006539 0.004499 0.001470 0.002414 0.020150 0.027730 0.180757 0.011721 0.012001
0.104008 0.007298 0.002777 0.005192 0.149995 0.046230 0.012998 0.130121 0.002814 0.248675 0.022613 0.006539 0.004499 0.001470 0.002414 0.020150 0.027730 0.180757 0.011721 0.012001
0.104008 0.007298 0.002777 0.005192 0.149995 0.046230 0.012998 0.130121 0.002814 0.248675 0.022613 0.006539 0.004499 0.001470 0.002414 0.020150 0.027730 0.180757 0.011721 0.012001
0.104008 0.007298 0.002777 0.005192 0.149995 0.046230 0.012998 0.130121 0.002814 0.248675 0.022613 0.006539 0.004499 0.001470 0.002414 0.020150 0.027730 0.180757 0.011721 0.012001
0.104008 0.007298 0.002777 0.005192 0.149995 0.046230 0.012998 0.130121 0.002814 0.248675 0.022613 0.006539 0.004499 0.001470 0.002414 0.020150 0.027730 0.180757 0.011721 0.012001
0.104008 0.007298 0.002777 0.005192 0.149995 0.046230 0.012998 0.130121 0.002814 0.248675 0.022613 0.006539 0.004499 0.001470 0.002414 0.020150 0.027730 0.180757 0.011721 0.012001
0.084709 0.005801 0.017902 0.030915 0.053921 0.045878 0.020410 0.063199 0.022072 0.323393 0.031412 0.016388 0.031225 0.017935 0.024532 0.032796 0.037692 0.080157 0.027864 0.031799
0.062283 0.004129 0.001981 0.004386 0.103432 0.065209 0.014429 0.116773 0.007355 0.298832 0.033920 0.007947 0.014798 0.003272 0.019301 0.023907 0.023259 0.053947 0.066638 0.074201
0.062283 0.004129 0.001981 0.004386 0.103432 0.065209 0.014429 0.116773 0.007355 0.298832 0.033920 0.007947 0.014798 0.003272 0.019301 0.023907 0.023259 0.053947 0.066638 0.074201
0.062283 0.004129 0.001981 0.004386 0.103432 0.065209 0.014429 0.116773 0.007355 0.298832 0.033920 0.007947 0.014798 0.003272 0.019301 0.023907 0.023259 0.053947 0.066638 0.074201
0.062283 0.004129 0.001981 0.004386 0.103432 0.065209 0.014429 0.116773 0.007355 0.298832 0.033920 0.007947 0.014798 0.003272 0.019301 0.023907 0.023259 0.053947 0.066638 0.074201
0.064892 0.005436 0.053549 0.039398 0.027180 0.059230 0.046102 0.030487 0.067226 0.063201 0.018761 0.066566 0.064389 0.054623 0.145949 0.070082 0.054239 0.031562 0.012014 0.025113
0.064892 0.005436 0.053549 0.039398 0.027180 0.059230 0.046102 0.030487 0.067226 0.063201 0.018761 0.066566 0.064389 0.054623 0.145949 0.070082 0.054239 0.031562 0.012014 0.025113
0.064892 0.005436 0.053549 0.039398 0.027180 0.059230 0.046102 0.030487 0.067226 0.063201 0.018761 0.066566 0.064389 0.054623 0.145949 0.070082 0.054239 0.031562 0.012014 0.025113
0.064892 0.005436 0.053549 0.039398 0.027180 0.059230 0.046102 0.030487 0.067226 0.063201 0.018761 0.066566 0.064389 0.054623 0.145949 0.070082 0.054239 0.031562 0.012014 0.025113
0.064892 0.005436 0.053549 0.039398 0.027180 0.059230 0.046102 0.030487 0.067226 0.063201 0.018761 0.066566 0.064389 0.054623 0.145949 0.070082 0.054239 0.031562 0.012014 0.025113
0.064892 0.005436 0.053549 0.039398 0.027180 0.059230 0.046102 0.030487 0.067226 0.063201 0.018761 0.066566 0.064389 0.054623 0.145949 0.070082 0.054239 0.031562 0.012014 0.025113
0.064892 0.005436 0.053549 0.039398 0.027180 0.059230 0.046102 0.030487 0.067226 0.063201 0.018761 0.066566 0.064389 0.054623 0.145949 0.070082 0.054239 0.031562 0.012014 0.025113
0.064892 0.005436 0.053549 0.039398 0.027180 0.059230 0.046102 0.030487 0.067226 0.063201 0.018761 0.066566 0.064389 0.054623 0.145949 0.070082 0.054239 0.031562 0.012014 0.025113
0.064892 0.005436 0.053549 0.039398 0.027180 0.059230 0.046102 0.030487 0.067226 0.063201 0.018761 0.066566 0.064389 0.054623 0.145949 0.070082 0.054239 0.031562 0.012014 0.025113
0.064892 0.005436 0.053549 0.039398 0.027180 0.059230 0.046102 0.030487 0.067226 0.063201 0.018761 0.066566 0.064389 0.054623 0.145949 0.070082 0.054239 0.031562 0.012014 0.025113
0.069420 0.006242 0.093050 0.077752 0.024010 0.101924 0.018615 0.030113 0.047346 0.069330 0.011335 0.054552 0.094713 0.039639 0.077659 0.048653 0.055533 0.051917 0.013091 0.015106
0.074074 0.008230 0.020576 0.069959 0.024691 0.086420 0.020576 0.069959 0.069959 0.061728 0.016461 0.020576 0.045267 0.057613 0.152263 0.102881 0.061728 0.016461 0.008230 0.012346
0.032922 0.000000 0.008230 0.008230 0.020576 0.024691 0.028807 0.012346 0.078189 0.024691 0.008230 0.012346 0.053498 0.024691 0.563786 0.057613 0.012346 0.016461 0.000000 0.012346
0.037037 0.008230 0.000000 0.008230 0.012346 0.037037 0.012346 0.004115 0.106996 0.037037 0.004115 0.020576 0.020576 0.008230 0.567901 0.057613 0.037037 0.008230 0.008230 0.004115
0.078189 0.008230 0.028807 0.037037 0.008230 0.127572 0.016461 0.049383 0.037037 0.123457 0.012346 0.090535 0.061728 0.045267 0.065844 0.115226 0.028807 0.041152 0.004115 0.020576
0.000000 0.000000 0.000000 0.000000 0.000000 0.000000 0.000000 0.000000 0.000000 0.000000 0.000000 0.000000 0.000000 0.000000 0.000000 1.000000 0.000000 0.000000 0.000000 0.000000
0.024691 0.024691 0.020576 0.020576 0.069959 0.061728 0.004115 0.102881 0.049383 0.156379 0.016461 0.008230 0.032922 0.028807 0.065844 0.082305 0.061728 0.127572 0.012346 0.028807
0.102881 0.012346 0.053498 0.032922 0.057613 0.049383 0.028807 0.053498 0.045267 0.094650 0.008230 0.028807 0.074074 0.041152 0.090535 0.090535 0.041152 0.069959 0.004115 0.020576
0.075630 0.025210 0.058824 0.079832 0.025210 0.100840 0.012605 0.029412 0.025210 0.096639 0.008403 0.050420 0.075630 0.042017 0.067227 0.147059 0.042017 0.025210 0.000000 0.012605
0.088608 0.004219 0.029536 0.071730 0.046414 0.059072 0.025316 0.059072 0.025316 0.135021 0.025316 0.008439 0.088608 0.080169 0.075949 0.080169 0.033755 0.050633 0.008439 0.004219
0.055556 0.018519 0.027778 0.064815 0.027778 0.092593 0.018519 0.055556 0.074074 0.055556 0.009259 0.037037 0.037037 0.037037 0.148148 0.101852 0.064815 0.027778 0.027778 0.018519
0.046296 0.000000 0.009259 0.018519 0.000000 0.018519 0.009259 0.000000 0.138889 0.018519 0.000000 0.009259 0.009259 0.018519 0.620370 0.027778 0.009259 0.009259 0.009259 0.027778
0.046296 0.000000 0.000000 0.009259 0.009259 0.009259 0.027778 0.027778 0.212963 0.027778 0.000000 0.027778 0.027778 0.018519 0.425926 0.046296 0.046296 0.018519 0.009259 0.009259
0.037037 0.000000 0.027778 0.000000 0.037037 0.046296 0.055556 0.046296 0.101852 0.027778 0.000000 0.027778 0.129630 0.027778 0.055556 0.092593 0.083333 0.101852 0.037037 0.064815
0.000000 0.000000 0.000000 0.000000 0.000000 0.000000 0.000000 0.000000 0.000000 0.000000 0.000000 0.000000 0.000000 0.000000 0.000000 0.000000 1.000000 0.000000 0.000000 0.000000
0.046296 0.018519 0.046296 0.027778 0.064815 0.037037 0.009259 0.083333 0.018519 0.157407 0.046296 0.027778 0.138889 0.046296 0.018519 0.074074 0.037037 0.083333 0.009259 0.009259
0.083333 0.055556 0.083333 0.083333 0.037037 0.064815 0.000000 0.027778 0.055556 0.037037 0.000000 0.009259 0.120370 0.027778 0.083333 0.083333 0.046296 0.074074 0.027778 0.000000
0.093458 0.009346 0.037383 0.084112 0.018692 0.121495 0.028037 0.028037 0.056075 0.102804 0.056075 0.037383 0.028037 0.046729 0.028037 0.149533 0.028037 0.028037 0.000000 0.018692
0.056075 0.018692 0.065421 0.046729 0.018692 0.084112 0.037383 0.018692 0.018692 0.112150 0.000000 0.037383 0.074766 0.028037 0.074766 0.056075 0.121495 0.102804 0.009346 0.018692
0.075601 0.002291 0.040092 0.057274 0.053837 0.069874 0.017182 0.051546 0.084765 0.069874 0.009164 0.030928 0.052692 0.041237 0.085911 0.138603 0.050401 0.043528 0.004582 0.020619
0.035469 0.006865 0.020595 0.030892 0.060641 0.056064 0.025172 0.016018 0.124714 0.058352 0.009153 0.022883 0.048055 0.037757 0.289474 0.073227 0.033181 0.037757 0.002288 0.011442
0.043429 0.027429 0.029714 0.036571 0.014857 0.048000 0.011429 0.019429 0.097143 0.048000 0.010286 0.019429 0.048000 0.054857 0.258286 0.081143 0.061714 0.058286 0.002286 0.029714
0.089773 0.005682 0.040909 0.038636 0.052273 0.106818 0.013636 0.019318 0.106818 0.071591 0.023864 0.038636 0.100000 0.031818 0.097727 0.080682 0.045455 0.027273 0.003409 0.005682
0.000000 0.000000 0.000000 0.000000 0.000000 0.000000 0.000000 0.000000 0.000000 0.000000 0.000000 0.000000 0.000000 0.000000 0.000000 1.000000 0.000000 0.000000 0.000000 0.000000
0.041049 0.003421 0.025086 0.022805 0.141391 0.041049 0.010262 0.049031 0.139111 0.072976 0.015964 0.012543 0.041049 0.071836 0.080958 0.068415 0.045610 0.067275 0.012543 0.037628
0.039954 0.006849 0.037671 0.029680 0.013699 0.030822 0.022831 0.042237 0.212329 0.054795 0.013699 0.022831 0.035388 0.018265 0.245434 0.061644 0.038813 0.044521 0.006849 0.021689
0.076125 0.011534 0.035755 0.071511 0.012687 0.103806 0.013841 0.027682 0.136101 0.051903 0.008074 0.059977 0.050750 0.020761 0.139562 0.059977 0.048443 0.046136 0.011534 0.013841
0.067285 0.008121 0.033643 0.040603 0.039443 0.052204 0.022042 0.042923 0.119490 0.066125 0.006961 0.053364 0.048724 0.025522 0.093968 0.164733 0.049884 0.033643 0.004640 0.026682
0.088398 0.005525 0.055249 0.033149 0.049724 0.038674 0.071823 0.044199 0.104972 0.071823 0.027624 0.055249 0.077348 0.038674 0.077348 0.066298 0.027624 0.038674 0.016575 0.011050
0.082873 0.022099 0.011050 0.011050 0.038674 0.055249 0.027624 0.016575 0.116022 0.033149 0.000000 0.038674 0.033149 0.033149 0.292818 0.055249 0.055249 0.033149 0.022099 0.022099
0.082873 0.005525 0.049724 0.022099 0.011050 0.049724 0.016575 0.033149 0.104972 0.066298 0.016575 0.038674 0.055249 0.044199 0.143646 0.071823 0.077348 0.044199 0.016575 0.049724
0.104972 0.005525 0.022099 0.044199 0.038674 0.071823 0.044199 0.033149 0.104972 0.071823 0.027624 0.016575 0.016575 0.044199 0.082873 0.104972 0.049724 0.071823 0.000000 0.044199
0.000000 0.000000 0.000000 0.000000 0.000000 0.000000 0.000000 0.000000 0.000000 0.000000 0.000000 0.000000 0.000000 0.000000 0.000000 0.000000 1.000000 0.000000 0.000000 0.000000
0.033149 0.000000 0.060773 0.011050 0.082873 0.044199 0.033149 0.071823 0.038674 0.132597 0.044199 0.016575 0.060773 0.027624 0.082873 0.038674 0.071823 0.127072 0.011050 0.011050
0.033333 0.033333 0.044444 0.005556 0.011111 0.072222 0.011111 0.027778 0.227778 0.022222 0.005556 0.016667 0.055556 0.016667 0.261111 0.044444 0.061111 0.044444 0.005556 0.000000
0.055556 0.005556 0.050000 0.083333 0.011111 0.083333 0.033333 0.033333 0.083333 0.044444 0.016667 0.016667 0.016667 0.061111 0.150000 0.105556 0.011111 0.083333 0.000000 0.055556
0.005650 0.005650 0.090395 0.073446 0.016949 0.056497 0.022599 0.056497 0.107345 0.073446 0.039548 0.028249 0.056497 0.028249 0.124294 0.096045 0.050847 0.033898 0.000000 0.033898
0.066351 0.000000 0.018957 0.109005 0.004739 0.042654 0.004739 0.071090 0.061611 0.075829 0.000000 0.014218 0.056872 0.042654 0.066351 0.165877 0.127962 0.047393 0.014218 0.009479
0.028302 0.000000 0.018868 0.028302 0.000000 0.042453 0.014151 0.009434 0.103774 0.042453 0.004717 0.018868 0.061321 0.028302 0.495283 0.042453 0.023585 0.037736 0.000000 0.000000
0.051887 0.000000 0.061321 0.070755 0.028302 0.047170 0.004717 0.028302 0.047170 0.084906 0.042453 0.037736 0.028302 0.146226 0.117925 0.084906 0.037736 0.037736 0.014151 0.028302
0.103286 0.004695 0.028169 0.028169 0.032864 0.079812 0.028169 0.037559 0.098592 0.079812 0.037559 0.061033 0.070423 0.056338 0.070423 0.070423 0.032864 0.046948 0.018779 0.014085
0.000000 0.000000 0.000000 0.000000 0.000000 0.000000 0.000000 0.000000 0.000000 0.000000 0.000000 0.000000 0.000000 0.000000 0.000000 1.000000 0.000000 0.000000 0.000000 0.000000
0.014085 0.018779 0.004695 0.056338 0.061033 0.093897 0.018779 0.089202 0.028169 0.131455 0.061033 0.009390 0.061033 0.065728 0.014085 0.079812 0.061033 0.075117 0.004695 0.051643
0.061033 0.009390 0.173709 0.122066 0.009390 0.089202 0.014085 0.032864 0.023474 0.070423 0.009390 0.056338 0.023474 0.051643 0.089202 0.089202 0.046948 0.028169 0.000000 0.000000
0.075117 0.000000 0.046948 0.103286 0.000000 0.126761 0.028169 0.018779 0.084507 0.065728 0.051643 0.042254 0.042254 0.037559 0.046948 0.145540 0.023474 0.056338 0.000000 0.004695
0.051643 0.009390 0.042254 0.098592 0.070423 0.046948 0.014085 0.051643 0.028169 0.103286 0.018779 0.023474 0.122066 0.061033 0.023474 0.122066 0.042254 0.046948 0.000000 0.023474
0.173913 0.000000 0.021739 0.086957 0.000000 0.086957 0.086957 0.000000 0.065217 0.065217 0.065217 0.043478 0.021739 0.021739 0.086957 0.130435 0.021739 0.000000 0.000000 0.021739
0.108696 0.000000 0.000000 0.086957 0.000000 0.021739 0.000000 0.086957 0.108696 0.021739 0.021739 0.000000 0.000000 0.000000 0.456522 0.021739 0.000000 0.065217 0.000000 0.000000
0.130435 0.000000 0.000000 0.043478 0.000000 0.043478 0.000000 0.108696 0.000000 0.130435 0.043478 0.000000 0.043478 0.217391 0.065217 0.043478 0.021739 0.086957 0.000000 0.021739
0.065217 0.000000 0.043478 0.152174 0.021739 0.000000 0.000000 0.021739 0.086957 0.152174 0.000000 0.021739 0.000000 0.000000 0.086957 0.173913 0.130435 0.021739 0.000000 0.021739
0.000000 0.000000 0.000000 0.000000 0.000000 0.000000 0.000000 0.000000 0.000000 0.000000 0.000000 0.000000 0.000000 0.000000 0.000000 0.000000 1.000000 0.000000 0.000000 0.000000
0.000000 0.000000 0.000000 0.000000 0.065217 0.000000 0.043478 0.152174 0.043478 0.065217 0.108696 0.000000 0.065217 0.043478 0.086957 0.021739 0.130435 0.173913 0.000000 0.000000
0.065217 0.000000 0.152174 0.130435 0.000000 0.000000 0.000000 0.043478 0.021739 0.108696 0.108696 0.065217 0.108696 0.021739 0.065217 0.043478 0.021739 0.043478 0.000000 0.000000
0.152174 0.086957 0.043478 0.021739 0.021739 0.000000 0.065217 0.043478 0.086957 0.152174 0.086957 0.021739 0.086957 0.000000 0.021739 0.086957 0.000000 0.021739 0.000000 0.000000
0.130435 0.000000 0.043478 0.065217 0.065217 0.065217 0.021739 0.000000 0.021739 0.152174 0.000000 0.043478 0.086957 0.021739 0.000000 0.130435 0.152174 0.000000 0.000000 0.000000
0.060440 0.005495 0.065934 0.126374 0.032967 0.076923 0.010989 0.032967 0.027473 0.049451 0.010989 0.032967 0.021978 0.087912 0.043956 0.175824 0.071429 0.032967 0.016484 0.016484
0.021622 0.021622 0.102703 0.102703 0.016216 0.075676 0.010811 0.032432 0.032432 0.027027 0.032432 0.021622 0.016216 0.032432 0.054054 0.291892 0.086486 0.016216 0.000000 0.005405
0.140541 0.032432 0.086486 0.108108 0.016216 0.048649 0.016216 0.016216 0.027027 0.027027 0.032432 0.027027 0.059459 0.048649 0.048649 0.162162 0.064865 0.010811 0.010811 0.016216
0.102151 0.005376 0.107527 0.091398 0.037634 0.102151 0.010753 0.053763 0.032258 0.069892 0.016129 0.021505 0.086022 0.059140 0.010753 0.129032 0.021505 0.032258 0.000000 0.010753
0.000000 0.000000 0.000000 0.000000 0.000000 0.000000 0.000000 0.000000 0.000000 0.000000 0.000000 0.000000 0.000000 0.000000 0.000000 1.000000 0.000000 0.000000 0.000000 0.000000
0.075269 0.010753 0.064516 0.086022 0.010753 0.080645 0.037634 0.016129 0.010753 0.177419 0.016129 0.026882 0.075269 0.096774 0.026882 0.069892 0.032258 0.069892 0.005376 0.010753
0.081081 0.010811 0.091892 0.118919 0.005405 0.086486 0.021622 0.037838 0.027027 0.064865 0.010811 0.032432 0.048649 0.032432 0.032432 0.205405 0.021622 0.059459 0.005405 0.005405
0.048649 0.000000 0.081081 0.113514 0.032432 0.140541 0.021622 0.021622 0.032432 0.048649 0.005405 0.037838 0.027027 0.032432 0.027027 0.248649 0.032432 0.021622 0.016216 0.010811
0.104396 0.016484 0.038462 0.060440 0.038462 0.093407 0.027473 0.032967 0.071429 0.115385 0.010989 0.010989 0.082418 0.038462 0.021978 0.131868 0.032967 0.060440 0.000000 0.010989
0.058824 0.000000 0.058824 0.058824 0.029412 0.117647 0.029412 0.000000 0.058824 0.088235 0.000000 0.000000 0.235294 0.000000 0.058824 0.147059 0.000000 0.029412 0.029412 0.000000
0.088235 0.000000 0.058824 0.058824 0.000000 0.088235 0.000000 0.000000 0.029412 0.088235 0.029412 0.029412 0.058824 0.000000 0.058824 0.235294 0.147059 0.000000 0.029412 0.000000
0.117647 0.029412 0.088235 0.088235 0.000000 0.058824 0.000000 0.000000 0.088235 0.000000 0.029412 0.000000 0.176471 0.088235 0.058824 0.117647 0.029412 0.029412 0.000000 0.000000
0.176471 0.000000 0.058824 0.117647 0.029412 0.147059 0.029412 0.000000 0.029412 0.058824 0.029412 0.058824 0.029412 0.029412 0.000000 0.088235 0.058824 0.058824 0.000000 0.000000
0.000000 0.000000 0.000000 0.000000 0.000000 0.000000 0.000000 0.000000 0.000000 0.000000 0.000000 0.000000 0.000000 0.000000 0.000000 0.000000 1.000000 0.000000 0.000000 0.000000
0.058824 0.000000 0.029412 0.088235 0.088235 0.117647 0.058824 0.000000 0.000000 0.029412 0.029412 0.000000 0.029412 0.029412 0.058824 0.147059 0.058824 0.147059 0.000000 0.029412
0.205882 0.000000 0.029412 0.029412 0.058824 0.147059 0.000000 0.029412 0.000000 0.029412 0.000000 0.029412 0.058824 0.029412 0.029412 0.176471 0.088235 0.058824 0.000000 0.000000
0.088235 0.029412 0.147059 0.058824 0.000000 0.117647 0.000000 0.000000 0.000000 0.117647 0.000000 0.000000 0.117647 0.029412 0.029412 0.176471 0.058824 0.029412 0.000000 0.000000
0.058824 0.000000 0.029412 0.058824 0.058824 0.147059 0.058824 0.000000 0.058824 0.147059 0.029412 0.000000 0.117647 0.000000 0.058824 0.147059 0.000000 0.000000 0.000000 0.029412
0.036199 0.006787 0.076923 0.153846 0.033937 0.054299 0.022624 0.031674 0.042986 0.067873 0.040724 0.047511 0.052036 0.027149 0.054299 0.113122 0.054299 0.047511 0.009050 0.027149
0.072398 0.000000 0.115385 0.133484 0.020362 0.081448 0.020362 0.047511 0.031674 0.061086 0.011312 0.024887 0.045249 0.027149 0.058824 0.140271 0.045249 0.031674 0.009050 0.022624
0.070136 0.004525 0.097285 0.142534 0.013575 0.022624 0.009050 0.038462 0.047511 0.067873 0.022624 0.029412 0.049774 0.058824 0.033937 0.138009 0.049774 0.052036 0.000000 0.052036
0.058427 0.002247 0.195506 0.143820 0.020225 0.096629 0.026966 0.020225 0.017978 0.076404 0.020225 0.035955 0.024719 0.022472 0.022472 0.112360 0.015730 0.058427 0.002247 0.026966
0.000000 0.000000 0.000000 0.000000 0.000000 0.000000 0.000000 0.000000 0.000000 0.000000 0.000000 0.000000 0.000000 0.000000 0.000000 1.000000 0.000000 0.000000 0.000000 0.000000
0.029345 0.006772 0.309255 0.205418 0.015801 0.081264 0.006772 0.006772 0.011287 0.024831 0.006772 0.011287 0.033860 0.040632 0.006772 0.144470 0.020316 0.020316 0.002257 0.015801
0.071429 0.002304 0.193548 0.246544 0.016129 0.052995 0.004608 0.018433 0.029954 0.034562 0.006912 0.039171 0.043779 0.029954 0.011521 0.126728 0.029954 0.029954 0.006912 0.004608
0.027842 0.002320 0.238979 0.468677 0.013921 0.032483 0.004640 0.002320 0.004640 0.018561 0.004640 0.018561 0.016241 0.023202 0.016241 0.062645 0.025522 0.004640 0.004640 0.009281
0.042155 0.000000 0.170960 0.250585 0.009368 0.081967 0.018735 0.032787 0.023419 0.044496 0.014052 0.032787 0.014052 0.032787 0.021077 0.121780 0.021077 0.044496 0.002342 0.021077
0.047619 0.028571 0.142857 0.114286 0.019048 0.114286 0.009524 0.028571 0.057143 0.047619 0.019048 0.028571 0.066667 0.028571 0.028571 0.038095 0.076190 0.047619 0.009524 0.047619
0.047619 0.009524 0.123810 0.180952 0.019048 0.076190 0.000000 0.028571 0.057143 0.038095 0.047619 0.057143 0.028571 0.057143 0.019048 0.104762 0.038095 0.047619 0.000000 0.019048
0.095238 0.000000 0.114286 0.133333 0.009524 0.095238 0.000000 0.028571 0.066667 0.038095 0.000000 0.000000 0.104762 0.019048 0.038095 0.152381 0.019048 0.038095 0.019048 0.028571
0.066667 0.000000 0.247619 0.133333 0.038095 0.038095 0.000000 0.047619 0.009524 0.066667 0.009524 0.076190 0.009524 0.019048 0.047619 0.085714 0.066667 0.009524 0.019048 0.009524
0.000000 0.000000 0.000000 0.000000 0.000000 0.000000 0.000000 0.000000 0.000000 0.000000 0.000000 0.000000 0.000000 0.000000 0.000000 0.000000 1.000000 0.000000 0.000000 0.000000
0.009524 0.009524 0.400000 0.123810 0.009524 0.009524 0.009524 0.019048 0.028571 0.057143 0.019048 0.000000 0.066667 0.038095 0.019048 0.076190 0.066667 0.028571 0.009524 0.000000
0.057143 0.000000 0.209524 0.161905 0.019048 0.085714 0.000000 0.009524 0.019048 0.038095 0.000000 0.000000 0.085714 0.019048 0.000000 0.142857 0.047619 0.066667 0.019048 0.019048
0.038095 0.000000 0.266667 0.476190 0.000000 0.009524 0.000000 0.009524 0.028571 0.019048 0.000000 0.019048 0.028571 0.038095 0.009524 0.057143 0.000000 0.000000 0.000000 0.000000
0.087379 0.009709 0.126214 0.223301 0.038835 0.097087 0.000000 0.038835 0.019417 0.097087 0.009709 0.029126 0.058252 0.019417 0.029126 0.038835 0.038835 0.029126 0.000000 0.009709
0.086081 0.020147 0.073260 0.076923 0.016484 0.054945 0.009158 0.029304 0.038462 0.076923 0.023810 0.032967 0.109890 0.047619 0.045788 0.139194 0.051282 0.043956 0.010989 0.012821
0.086081 0.005495 0.023810 0.043956 0.025641 0.084249 0.016484 0.014652 0.062271 0.091575 0.001832 0.020147 0.172161 0.040293 0.095238 0.120879 0.047619 0.027473 0.007326 0.012821
0.049451 0.005495 0.021978 0.021978 0.016484 0.031136 0.014652 0.049451 0.009158 0.098901 0.009158 0.009158 0.316850 0.060440 0.058608 0.117216 0.053114 0.042125 0.000000 0.014652
0.106227 0.001832 0.029304 0.020147 0.020147 0.075092 0.012821 0.034799 0.029304 0.175824 0.025641 0.020147 0.142857 0.031136 0.065934 0.082418 0.076923 0.036630 0.001832 0.010989
0.000000 0.000000 0.000000 0.000000 0.000000 0.000000 0.000000 0.000000 0.000000 0.000000 0.000000 0.000000 0.000000 0.000000 0.000000 1.000000 0.000000 0.000000 0.000000 0.000000
0.014652 0.003663 0.007326 0.010989 0.014652 0.000000 0.000000 0.010989 0.001832 0.016484 0.003663 0.000000 0.846154 0.012821 0.003663 0.012821 0.005495 0.014652 0.009158 0.010989
0.060440 0.003663 0.027473 0.049451 0.032967 0.098901 0.009158 0.036630 0.031136 0.108059 0.020147 0.018315 0.109890 0.025641 0.076923 0.144689 0.091575 0.045788 0.005495 0.003663
0.126374 0.014652 0.036630 0.049451 0.029304 0.047619 0.032967 0.010989 0.060440 0.093407 0.016484 0.020147 0.131868 0.036630 0.053114 0.117216 0.036630 0.047619 0.014652 0.023810
0.036697 0.007339 0.051376 0.051376 0.069725 0.060550 0.025688 0.031193 0.045872 0.089908 0.020183 0.020183 0.119266 0.049541 0.034862 0.161468 0.071560 0.034862 0.001835 0.016514
0.041667 0.009259 0.069444 0.069444 0.027778 0.078704 0.000000 0.055556 0.046296 0.046296 0.004630 0.032407 0.111111 0.064815 0.009259 0.143519 0.078704 0.087963 0.009259 0.013889
0.037037 0.000000 0.037037 0.037037 0.032407 0.069444 0.009259 0.050926 0.046296 0.101852 0.009259 0.018519 0.212963 0.046296 0.050926 0.106481 0.060185 0.074074 0.000000 0.000000
0.055556 0.018519 0.013889 0.050926 0.023148 0.013889 0.000000 0.041667 0.000000 0.106481 0.013889 0.009259 0.416667 0.000000 0.013889 0.032407 0.092593 0.083333 0.004630 0.009259
0.097222 0.027778 0.000000 0.027778 0.018519 0.106481 0.013889 0.032407 0.064815 0.120370 0.087963 0.004630 0.092593 0.055556 0.097222 0.064815 0.050926 0.018519 0.000000 0.018519
0.000000 0.000000 0.000000 0.000000 0.000000 0.000000 0.000000 0.000000 0.000000 0.000000 0.000000 0.000000 0.000000 0.000000 0.000000 0.000000 1.000000 0.000000 0.000000 0.000000
0.009259 0.000000 0.000000 0.018519 0.009259 0.037037 0.000000 0.009259 0.000000 0.000000 0.004630 0.000000 0.902778 0.000000 0.004630 0.000000 0.004630 0.000000 0.000000 0.000000
0.032558 0.027907 0.004651 0.027907 0.000000 0.069767 0.032558 0.032558 0.032558 0.037209 0.004651 0.037209 0.186047 0.046512 0.037209 0.144186 0.093023 0.083721 0.000000 0.069767
0.083721 0.018605 0.018605 0.041860 0.032558 0.088372 0.000000 0.004651 0.023256 0.037209 0.000000 0.009302 0.195349 0.055814 0.060465 0.120930 0.051163 0.120930 0.000000 0.037209
0.139535 0.000000 0.041860 0.032558 0.041860 0.074419 0.000000 0.004651 0.041860 0.069767 0.000000 0.018605 0.167442 0.037209 0.051163 0.097674 0.097674 0.074419 0.009302 0.000000
0.056478 0.000000 0.036545 0.093023 0.023256 0.076412 0.006645 0.029900 0.066445 0.069767 0.009967 0.039867 0.076412 0.059801 0.069767 0.156146 0.079734 0.029900 0.006645 0.013289
0.036424 0.003311 0.029801 0.056291 0.039735 0.046358 0.009934 0.049669 0.066225 0.155629 0.026490 0.023179 0.092715 0.036424 0.026490 0.102649 0.089404 0.066225 0.006623 0.036424
0.072848 0.006623 0.039735 0.033113 0.056291 0.066225 0.023179 0.039735 0.033113 0.096026 0.003311 0.029801 0.188742 0.023179 0.029801 0.119205 0.066225 0.046358 0.003311 0.023179
0.082781 0.009934 0.016556 0.026490 0.043046 0.089404 0.026490 0.026490 0.062914 0.122517 0.009934 0.013245 0.109272 0.019868 0.049669 0.158940 0.066225 0.043046 0.006623 0.016556
0.000000 0.000000 0.000000 0.000000 0.000000 0.000000 0.000000 0.000000 0.000000 0.000000 0.000000 0.000000 0.000000 0.000000 0.000000 1.000000 0.000000 0.000000 0.000000 0.000000
0.000000 0.003311 0.003311 0.006623 0.000000 0.009934 0.003311 0.003311 0.003311 0.006623 0.000000 0.000000 0.933775 0.000000 0.003311 0.016556 0.003311 0.000000 0.000000 0.003311
0.106312 0.003322 0.019934 0.026578 0.029900 0.079734 0.000000 0.046512 0.053156 0.076412 0.006645 0.023256 0.076412 0.049834 0.099668 0.126246 0.069767 0.093023 0.000000 0.013289
0.036545 0.000000 0.009967 0.036545 0.009967 0.073090 0.023256 0.029900 0.205980 0.056478 0.013289 0.019934 0.089701 0.033223 0.162791 0.102990 0.059801 0.016611 0.006645 0.013289
0.093023 0.003322 0.026578 0.043189 0.029900 0.073090 0.016611 0.033223 0.086379 0.063123 0.019934 0.019934 0.089701 0.056478 0.076412 0.136213 0.063123 0.056478 0.003322 0.009967
0.045198 0.000000 0.062147 0.084746 0.022599 0.079096 0.016949 0.033898 0.050847 0.079096 0.022599 0.033898 0.135593 0.079096 0.033898 0.135593 0.045198 0.028249 0.005650 0.005650
0.124294 0.005650 0.011299 0.073446 0.016949 0.039548 0.011299 0.022599 0.039548 0.124294 0.016949 0.022599 0.096045 0.067797 0.084746 0.090395 0.084746 0.062147 0.005650 0.000000
0.107345 0.016949 0.016949 0.033898 0.039548 0.090395 0.022599 0.022599 0.005650 0.067797 0.005650 0.000000 0.214689 0.028249 0.028249 0.112994 0.090395 0.084746 0.000000 0.011299
0.084746 0.011299 0.033898 0.067797 0.000000 0.090395 0.028249 0.039548 0.079096 0.062147 0.011299 0.028249 0.050847 0.016949 0.073446 0.135593 0.056497 0.112994 0.000000 0.016949
0.000000 0.000000 0.000000 0.000000 0.000000 0.000000 0.000000 0.000000 0.000000 0.000000 0.000000 0.000000 0.000000 0.000000 0.000000 0.000000 1.000000 0.000000 0.000000 0.000000
0.000000 0.000000 0.000000 0.005650 0.005650 0.005650 0.005650 0.011299 0.011299 0.000000 0.000000 0.016949 0.932203 0.000000 0.000000 0.005650 0.000000 0.000000 0.000000 0.000000
0.022599 0.000000 0.011299 0.084746 0.028249 0.073446 0.016949 0.016949 0.124294 0.062147 0.005650 0.039548 0.107345 0.067797 0.073446 0.107345 0.045198 0.107345 0.005650 0.000000
0.050847 0.000000 0.022599 0.022599 0.016949 0.056497 0.022599 0.016949 0.220339 0.033898 0.000000 0.016949 0.090395 0.028249 0.242938 0.079096 0.050847 0.028249 0.000000 0.000000
0.079096 0.011299 0.079096 0.067797 0.011299 0.028249 0.005650 0.028249 0.135593 0.067797 0.011299 0.045198 0.124294 0.016949 0.096045 0.079096 0.045198 0.050847 0.000000 0.016949
0.032634 0.009324 0.123543 0.146853 0.009324 0.111888 0.025641 0.020979 0.037296 0.060606 0.002331 0.058275 0.058275 0.053613 0.053613 0.076923 0.048951 0.023310 0.009324 0.037296
0.055944 0.002331 0.116550 0.139860 0.009324 0.060606 0.030303 0.011655 0.025641 0.030303 0.011655 0.058275 0.053613 0.072261 0.072261 0.104895 0.053613 0.051282 0.004662 0.034965
0.053613 0.006993 0.125874 0.107226 0.023310 0.107226 0.046620 0.018648 0.039627 0.046620 0.006993 0.058275 0.100233 0.046620 0.041958 0.074592 0.034965 0.032634 0.009324 0.018648
0.034965 0.016317 0.088578 0.079254 0.018648 0.051282 0.030303 0.088578 0.030303 0.083916 0.013986 0.027972 0.062937 0.030303 0.018648 0.060606 0.072261 0.132867 0.004662 0.053613
0.000000 0.000000 0.000000 0.000000 0.000000 0.000000 0.000000 0.000000 0.000000 0.000000 0.000000 0.000000 0.000000 0.000000 0.000000 0.000000 0.000000 0.000000 0.000000 1.000000
0.072261 0.004662 0.116550 0.116550 0.018648 0.123543 0.025641 0.046620 0.051282 0.039627 0.006993 0.032634 0.009324 0.081585 0.032634 0.074592 0.039627 0.046620 0.006993 0.053613
0.072430 0.011682 0.058411 0.077103 0.016355 0.067757 0.014019 0.028037 0.056075 0.044393 0.028037 0.060748 0.056075 0.053738 0.028037 0.098131 0.072430 0.105140 0.004673 0.046729
0.049296 0.007042 0.042254 0.061033 0.070423 0.046948 0.011737 0.056338 0.023474 0.107981 0.030516 0.021127 0.150235 0.030516 0.025822 0.058685 0.039906 0.105634 0.007042 0.053991
0.030733 0.016548 0.061466 0.087470 0.030733 0.094563 0.033097 0.035461 0.030733 0.035461 0.016548 0.040189 0.108747 0.049645 0.075650 0.073286 0.035461 0.073286 0.023641 0.047281
0.062500 0.012500 0.100000 0.100000 0.000000 0.125000 0.000000 0.037500 0.050000 0.050000 0.025000 0.087500 0.025000 0.037500 0.037500 0.137500 0.025000 0.050000 0.000000 0.037500
0.050000 0.037500 0.137500 0.100000 0.000000 0.075000 0.000000 0.012500 0.037500 0.037500 0.050000 0.087500 0.025000 0.012500 0.100000 0.100000 0.100000 0.025000 0.000000 0.012500
0.025000 0.000000 0.062500 0.125000 0.012500 0.050000 0.012500 0.037500 0.050000 0.037500 0.050000 0.062500 0.062500 0.037500 0.087500 0.137500 0.075000 0.037500 0.000000 0.037500
0.087500 0.025000 0.162500 0.062500 0.062500 0.050000 0.012500 0.025000 0.012500 0.037500 0.012500 0.012500 0.100000 0.012500 0.025000 0.125000 0.050000 0.075000 0.000000 0.050000
0.000000 0.000000 0.000000 0.000000 0.000000 0.000000 0.000000 0.000000 0.000000 0.000000 0.000000 0.000000 0.000000 0.000000 0.000000 1.000000 0.000000 0.000000 0.000000 0.000000
0.025000 0.012500 0.100000 0.087500 0.025000 0.012500 0.012500 0.012500 0.050000 0.100000 0.025000 0.062500 0.050000 0.012500 0.062500 0.125000 0.137500 0.087500 0.000000 0.000000
0.037500 0.000000 0.087500 0.100000 0.000000 0.150000 0.000000 0.025000 0.012500 0.037500 0.025000 0.100000 0.000000 0.025000 0.050000 0.125000 0.050000 0.125000 0.000000 0.050000
0.077922 0.012987 0.103896 0.090909 0.012987 0.064935 0.012987 0.038961 0.129870 0.051948 0.000000 0.038961 0.025974 0.038961 0.064935 0.077922 0.064935 0.051948 0.000000 0.038961
0.040000 0.000000 0.066667 0.053333 0.000000 0.186667 0.000000 0.026667 0.013333 0.040000 0.053333 0.066667 0.026667 0.053333 0.040000 0.160000 0.080000 0.066667 0.000000 0.026667
0.000000 0.026316 0.210526 0.263158 0.000000 0.078947 0.000000 0.000000 0.026316 0.105263 0.000000 0.026316 0.026316 0.026316 0.105263 0.052632 0.026316 0.000000 0.026316 0.000000
0.026316 0.000000 0.105263 0.052632 0.000000 0.026316 0.026316 0.000000 0.131579 0.131579 0.026316 0.078947 0.000000 0.131579 0.078947 0.026316 0.131579 0.026316 0.000000 0.000000
0.026316 0.000000 0.026316 0.184211 0.131579 0.000000 0.000000 0.000000 0.026316 0.052632 0.000000 0.052632 0.078947 0.078947 0.052632 0.026316 0.078947 0.026316 0.026316 0.131579
0.000000 0.000000 0.026316 0.157895 0.052632 0.131579 0.000000 0.026316 0.131579 0.026316 0.000000 0.026316 0.052632 0.000000 0.078947 0.184211 0.052632 0.052632 0.000000 0.000000
0.000000 0.000000 0.000000 0.000000 0.000000 0.000000 0.000000 0.000000 0.000000 0.000000 0.000000 0.000000 0.000000 0.000000 0.000000 0.000000 1.000000 0.000000 0.000000 0.000000
0.052632 0.000000 0.078947 0.236842 0.000000 0.026316 0.026316 0.000000 0.026316 0.157895 0.000000 0.000000 0.000000 0.078947 0.000000 0.078947 0.052632 0.184211 0.000000 0.000000
0.026316 0.026316 0.131579 0.052632 0.000000 0.026316 0.000000 0.026316 0.105263 0.105263 0.000000 0.052632 0.026316 0.026316 0.157895 0.052632 0.105263 0.078947 0.000000 0.000000
0.026316 0.026316 0.052632 0.078947 0.052632 0.157895 0.026316 0.000000 0.026316 0.000000 0.000000 0.052632 0.026316 0.157895 0.000000 0.105263 0.184211 0.026316 0.000000 0.000000
0.105263 0.000000 0.078947 0.000000 0.000000 0.105263 0.026316 0.105263 0.000000 0.078947 0.000000 0.052632 0.026316 0.078947 0.052632 0.052632 0.000000 0.236842 0.000000 0.000000
0.064892 0.005436 0.053549 0.039398 0.027180 0.059230 0.046102 0.030487 0.067226 0.063201 0.018761 0.066566 0.064389 0.054623 0.145949 0.070082 0.054239 0.031562 0.012014 0.025113
0.064892 0.005436 0.053549 0.039398 0.027180 0.059230 0.046102 0.030487 0.067226 0.063201 0.018761 0.066566 0.064389 0.054623 0.145949 0.070082 0.054239 0.031562 0.012014 0.025113
0.064892 0.005436 0.053549 0.039398 0.027180 0.059230 0.046102 0.030487 0.067226 0.063201 0.018761 0.066566 0.064389 0.054623 0.145949 0.070082 0.054239 0.031562 0.012014 0.025113
0.064892 0.005436 0.053549 0.039398 0.027180 0.059230 0.046102 0.030487 0.067226 0.063201 0.018761 0.066566 0.064389 0.054623 0.145949 0.070082 0.054239 0.031562 0.012014 0.025113
0.064892 0.005436 0.053549 0.039398 0.027180 0.059230 0.046102 0.030487 0.067226 0.063201 0.018761 0.066566 0.064389 0.054623 0.145949 0.070082 0.054239 0.031562 0.012014 0.025113
0.064892 0.005436 0.053549 0.039398 0.027180 0.059230 0.046102 0.030487 0.067226 0.063201 0.018761 0.066566 0.064389 0.054623 0.145949 0.070082 0.054239 0.031562 0.012014 0.025113
0.064892 0.005436 0.053549 0.039398 0.027180 0.059230 0.046102 0.030487 0.067226 0.063201 0.018761 0.066566 0.064389 0.054623 0.145949 0.070082 0.054239 0.031562 0.012014 0.025113
0.064892 0.005436 0.053549 0.039398 0.027180 0.059230 0.046102 0.030487 0.067226 0.063201 0.018761 0.066566 0.064389 0.054623 0.145949 0.070082 0.054239 0.031562 0.012014 0.025113
0.064892 0.005436 0.053549 0.039398 0.027180 0.059230 0.046102 0.030487 0.067226 0.063201 0.018761 0.066566 0.064389 0.054623 0.145949 0.070082 0.054239 0.031562 0.012014 0.025113
0.064892 0.005436 0.053549 0.039398 0.027180 0.059230 0.046102 0.030487 0.067226 0.063201 0.018761 0.066566 0.064389 0.054623 0.145949 0.070082 0.054239 0.031562 0.012014 0.025113
0.000000 0.000000 0.000000 0.000000 0.000000 0.000000 0.000000 0.000000 0.000000 0.000000 0.000000 0.000000 0.000000 0.000000 0.000000 0.000000 0.000000 0.000000 0.000000 0.000000
