0	0	0	0	0	0	0	0	0	0	0	0	0	0	0	0	0	0	0	0
0.103	0.006	0.024	0.035	0.062	0.066	0.029	0.066	0.034	0.147	0.038	0.021	0.041	0.027	0.044	0.051	0.050	0.075	0.039	0.042
0.103	0.006	0.024	0.035	0.062	0.066	0.029	0.066	0.034	0.147	0.038	0.021	0.041	0.027	0.044	0.051	0.050	0.075	0.039	0.042
0.103	0.006	0.024	0.035	0.062	0.066	0.029	0.066	0.034	0.147	0.038	0.021	0.041	0.027	0.044	0.051	0.050	0.075	0.039	0.042
0.103	0.006	0.024	0.035	0.062	0.066	0.029	0.066	0.034	0.147	0.038	0.021	0.041	0.027	0.044	0.051	0.050	0.075	0.039	0.042
0.103	0.006	0.024	0.035	0.062	0.066	0.029	0.066	0.034	0.147	0.038	0.021	0.041	0.027	0.044	0.051	0.050	0.075	0.039	0.042
0.119	0.012	0.010	0.010	0.088	0.090	0.029	0.097	0.011	0.160	0.042	0.015	0.021	0.012	0.015	0.050	0.056	0.105	0.032	0.029
0.119	0.012	0.010	0.010	0.088	0.090	0.029	0.097	0.011	0.160	0.042	0.015	0.021	0.012	0.015	0.050	0.056	0.105	0.032	0.029
0.119	0.012	0.010	0.010	0.088	0.090	0.029	0.097	0.011	0.160	0.042	0.015	0.021	0.012	0.015	0.050	0.056	0.105	0.032	0.029
0.119	0.012	0.010	0.010	0.088	0.090	0.029	0.097	0.011	0.160	0.042	0.015	0.021	0.012	0.015	0.050	0.056	0.105	0.032	0.029
0.119	0.012	0.010	0.010	0.088	0.090	0.029	0.097	0.011	0.160	0.042	0.015	0.021	0.012	0.015	0.050	0.056	0.105	0.032	0.029
0.119	0.012	0.010	0.010	0.088	0.090	0.029	0.097	0.011	0.160	0.042	0.015	0.021	0.012	0.015	0.050	0.056	0.105	0.032	0.029
0.119	0.012	0.010	0.010	0.088	0.090	0.029	0.097	0.011	0.160	0.042	0.015	0.021	0.012	0.015	0.050	0.056	0.105	0.032	0.029
0.119	0.012	0.010	0.010	0.088	0.090	0.029	0.097	0.011	0.160	0.042	0.015	0.021	0.012	0.015	0.050	0.056	0.105	0.032	0.029
0.119	0.012	0.010	0.010	0.088	0.090	0.029	0.097	0.011	0.160	0.042	0.015	0.021	0.012	0.015	0.050	0.056	0.105	0.032	0.029
0.119	0.012	0.010	0.010	0.088	0.090	0.029	0.097	0.011	0.160	0.042	0.015	0.021	0.012	0.015	0.050	0.056	0.105	0.032	0.029
0.119	0.012	0.010	0.010	0.088	0.090	0.029	0.097	0.011	0.160	0.042	0.015	0.021	0.012	0.015	0.050	0.056	0.105	0.032	0.029
0.119	0.012	0.010	0.010	0.088	0.090	0.029	0.097	0.011	0.160	0.042	0.015	0.021	0.012	0.015	0.050	0.056	0.105	0.032	0.029
0.119	0.012	0.010	0.010	0.088	0.090	0.029	0.097	0.011	0.160	0.042	0.015	0.021	0.012	0.015	0.050	0.056	0.105	0.032	0.029
0.119	0.012	0.010	0.010	0.088	0.090	0.029	0.097	0.011	0.160	0.042	0.015	0.021	0.012	0.015	0.050	0.056	0.105	0.032	0.029
0.119	0.012	0.010	0.010	0.088	0.090	0.029	0.097	0.011	0.160	0.042	0.015	0.021	0.012	0.015	0.050	0.056	0.105	0.032	0.029
0.119	0.012	0.010	0.010	0.088	0.090	0.029	0.097	0.011	0.160	0.042	0.015	0.021	0.012	0.015	0.050	0.056	0.105	0.032	0.029
0.119	0.012	0.010	0.010	0.088	0.090	0.029	0.097	0.011	0.160	0.042	0.015	0.021	0.012	0.015	0.050	0.056	0.105	0.032	0.029
0.119	0.012	0.010	0.010	0.088	0.090	0.029	0.097	0.011	0.160	0.042	0.015	0.021	0.012	0.015	0.050	0.056	0.105	0.032	0.029
0.119	0.012	0.010	0.010	0.088	0.090	0.029	0.097	0.011	0.160	0.042	0.015	0.021	0.012	0.015	0.050	0.056	0.105	0.032	0.029
0.119	0.012	0.010	0.010	0.088	0.090	0.029	0.097	0.011	0.160	0.042	0.015	0.021	0.012	0.015	0.050	0.056	0.105	0.032	0.029
0.119	0.012	0.010	0.010	0.088	0.090	0.029	0.097	0.011	0.160	0.042	0.015	0.021	0.012	0.015	0.050	0.056	0.105	0.032	0.029
0.119	0.012	0.010	0.010	0.088	0.090	0.029	0.097	0.011	0.160	0.042	0.015	0.021	0.012	0.015	0.050	0.056	0.105	0.032	0.029
0.119	0.012	0.010	0.010	0.088	0.090	0.029	0.097	0.011	0.160	0.042	0.015	0.021	0.012	0.015	0.050	0.056	0.105	0.032	0.029
0.119	0.012	0.010	0.010	0.088	0.090	0.029	0.097	0.011	0.160	0.042	0.015	0.021	0.012	0.015	0.050	0.056	0.105	0.032	0.029
0.119	0.012	0.010	0.010	0.088	0.090	0.029	0.097	0.011	0.160	0.042	0.015	0.021	0.012	0.015	0.050	0.056	0.105	0.032	0.029
0.103	0.006	0.024	0.035	0.062	0.066	0.029	0.066	0.034	0.147	0.038	0.021	0.041	0.027	0.044	0.051	0.050	0.075	0.039	0.042
0.103	0.006	0.024	0.035	0.062	0.066	0.029	0.066	0.034	0.147	0.038	0.021	0.041	0.027	0.044	0.051	0.050	0.075	0.039	0.042
0.103	0.006	0.024	0.035	0.062	0.066	0.029	0.066	0.034	0.147	0.038	0.021	0.041	0.027	0.044	0.051	0.050	0.075	0.039	0.042
0.103	0.006	0.024	0.035	0.062	0.066	0.029	0.066	0.034	0.147	0.038	0.021	0.041	0.027	0.044	0.051	0.050	0.075	0.039	0.042
0.103	0.006	0.024	0.035	0.062	0.066	0.029	0.066	0.034	0.147	0.038	0.021	0.041	0.027	0.044	0.051	0.050	0.075	0.039	0.042
0.083	0.006	0.053	0.046	0.054	0.111	0.025	0.049	0.022	0.082	0.027	0.041	0.082	0.039	0.030	0.058	0.054	0.060	0.034	0.044
0.083	0.006	0.053	0.046	0.054	0.111	0.025	0.049	0.022	0.082	0.027	0.041	0.082	0.039	0.030	0.058	0.054	0.060	0.034	0.044
0.083	0.006	0.053	0.046	0.054	0.111	0.025	0.049	0.022	0.082	0.027	0.041	0.082	0.039	0.030	0.058	0.054	0.060	0.034	0.044
0.083	0.006	0.053	0.046	0.054	0.111	0.025	0.049	0.022	0.082	0.027	0.041	0.082	0.039	0.030	0.058	0.054	0.060	0.034	0.044
0.083	0.006	0.053	0.046	0.054	0.111	0.025	0.049	0.022	0.082	0.027	0.041	0.082	0.039	0.030	0.058	0.054	0.060	0.034	0.044
0.083	0.006	0.053	0.046	0.054	0.111	0.025	0.049	0.022	0.082	0.027	0.041	0.082	0.039	0.030	0.058	0.054	0.060	0.034	0.044
0.083	0.006	0.053	0.046	0.054	0.111	0.025	0.049	0.022	0.082	0.027	0.041	0.082	0.039	0.030	0.058	0.054	0.060	0.034	0.044
0.083	0.006	0.053	0.046	0.054	0.111	0.025	0.049	0.022	0.082	0.027	0.041	0.082	0.039	0.030	0.058	0.054	0.060	0.034	0.044
0.083	0.006	0.053	0.046	0.054	0.111	0.025	0.049	0.022	0.082	0.027	0.041	0.082	0.039	0.030	0.058	0.054	0.060	0.034	0.044
0.083	0.006	0.053	0.046	0.054	0.111	0.025	0.049	0.022	0.082	0.027	0.041	0.082	0.039	0.030	0.058	0.054	0.060	0.034	0.044
0.089	0.020	0.052	0.052	0.043	0.082	0.031	0.048	0.047	0.074	0.018	0.039	0.075	0.035	0.033	0.056	0.056	0.077	0.031	0.044
0.083	0.006	0.053	0.046	0.054	0.111	0.025	0.049	0.022	0.082	0.027	0.041	0.082	0.039	0.030	0.058	0.054	0.060	0.034	0.044
0.083	0.006	0.053	0.046	0.054	0.111	0.025	0.049	0.022	0.082	0.027	0.041	0.082	0.039	0.030	0.058	0.054	0.060	0.034	0.044
0.083	0.006	0.053	0.046	0.054	0.111	0.025	0.049	0.022	0.082	0.027	0.041	0.082	0.039	0.030	0.058	0.054	0.060	0.034	0.044
0.083	0.006	0.053	0.046	0.054	0.111	0.025	0.049	0.022	0.082	0.027	0.041	0.082	0.039	0.030	0.058	0.054	0.060	0.034	0.044
0.083	0.006	0.053	0.046	0.054	0.111	0.025	0.049	0.022	0.082	0.027	0.041	0.082	0.039	0.030	0.058	0.054	0.060	0.034	0.044
0.083	0.006	0.053	0.046	0.054	0.111	0.025	0.049	0.022	0.082	0.027	0.041	0.082	0.039	0.030	0.058	0.054	0.060	0.034	0.044
0.083	0.006	0.053	0.046	0.054	0.111	0.025	0.049	0.022	0.082	0.027	0.041	0.082	0.039	0.030	0.058	0.054	0.060	0.034	0.044
0.083	0.006	0.053	0.046	0.054	0.111	0.025	0.049	0.022	0.082	0.027	0.041	0.082	0.039	0.030	0.058	0.054	0.060	0.034	0.044
0.083	0.006	0.053	0.046	0.054	0.111	0.025	0.049	0.022	0.082	0.027	0.041	0.082	0.039	0.030	0.058	0.054	0.060	0.034	0.044
0.083	0.006	0.053	0.046	0.054	0.111	0.025	0.049	0.022	0.082	0.027	0.041	0.082	0.039	0.030	0.058	0.054	0.060	0.034	0.044
0.103	0.006	0.024	0.035	0.062	0.066	0.029	0.066	0.034	0.147	0.038	0.021	0.041	0.027	0.044	0.051	0.050	0.075	0.039	0.042
0.103	0.006	0.024	0.035	0.062	0.066	0.029	0.066	0.034	0.147	0.038	0.021	0.041	0.027	0.044	0.051	0.050	0.075	0.039	0.042
0.103	0.006	0.024	0.035	0.062	0.066	0.029	0.066	0.034	0.147	0.038	0.021	0.041	0.027	0.044	0.051	0.050	0.075	0.039	0.042
0.103	0.006	0.024	0.035	0.062	0.066	0.029	0.066	0.034	0.147	0.038	0.021	0.041	0.027	0.044	0.051	0.050	0.075	0.039	0.042
0.103	0.006	0.024	0.035	0.062	0.066	0.029	0.066	0.034	0.147	0.038	0.021	0.041	0.027	0.044	0.051	0.050	0.075	0.039	0.042
0.119	0.012	0.010	0.010	0.088	0.090	0.029	0.097	0.011	0.160	0.042	0.015	0.021	0.012	0.015	0.050	0.056	0.105	0.032	0.029
0.119	0.012	0.010	0.010	0.088	0.090	0.029	0.097	0.011	0.160	0.042	0.015	0.021	0.012	0.015	0.050	0.056	0.105	0.032	0.029
0.119	0.012	0.010	0.010	0.088	0.090	0.029	0.097	0.011	0.160	0.042	0.015	0.021	0.012	0.015	0.050	0.056	0.105	0.032	0.029
0.119	0.012	0.010	0.010	0.088	0.090	0.029	0.097	0.011	0.160	0.042	0.015	0.021	0.012	0.015	0.050	0.056	0.105	0.032	0.029
0.119	0.012	0.010	0.010	0.088	0.090	0.029	0.097	0.011	0.160	0.042	0.015	0.021	0.012	0.015	0.050	0.056	0.105	0.032	0.029
0.119	0.012	0.010	0.010	0.088	0.090	0.029	0.097	0.011	0.160	0.042	0.015	0.021	0.012	0.015	0.050	0.056	0.105	0.032	0.029
0.119	0.012	0.010	0.010	0.088	0.090	0.029	0.097	0.011	0.160	0.042	0.015	0.021	0.012	0.015	0.050	0.056	0.105	0.032	0.029
0.119	0.012	0.010	0.010	0.088	0.090	0.029	0.097	0.011	0.160	0.042	0.015	0.021	0.012	0.015	0.050	0.056	0.105	0.032	0.029
0.119	0.012	0.010	0.010	0.088	0.090	0.029	0.097	0.011	0.160	0.042	0.015	0.021	0.012	0.015	0.050	0.056	0.105	0.032	0.029
0.119	0.012	0.010	0.010	0.088	0.090	0.029	0.097	0.011	0.160	0.042	0.015	0.021	0.012	0.015	0.050	0.056	0.105	0.032	0.029
0.119	0.012	0.010	0.010	0.088	0.090	0.029	0.097	0.011	0.160	0.042	0.015	0.021	0.012	0.015	0.050	0.056	0.105	0.032	0.029
0.119	0.012	0.010	0.010	0.088	0.090	0.029	0.097	0.011	0.160	0.042	0.015	0.021	0.012	0.015	0.050	0.056	0.105	0.032	0.029
0.119	0.012	0.010	0.010	0.088	0.090	0.029	0.097	0.011	0.160	0.042	0.015	0.021	0.012	0.015	0.050	0.056	0.105	0.032	0.029
0.119	0.012	0.010	0.010	0.088	0.090	0.029	0.097	0.011	0.160	0.042	0.015	0.021	0.012	0.015	0.050	0.056	0.105	0.032	0.029
0.119	0.012	0.010	0.010	0.088	0.090	0.029	0.097	0.011	0.160	0.042	0.015	0.021	0.012	0.015	0.050	0.056	0.105	0.032	0.029
0.119	0.012	0.010	0.010	0.088	0.090	0.029	0.097	0.011	0.160	0.042	0.015	0.021	0.012	0.015	0.050	0.056	0.105	0.032	0.029
0.119	0.012	0.010	0.010	0.088	0.090	0.029	0.097	0.011	0.160	0.042	0.015	0.021	0.012	0.015	0.050	0.056	0.105	0.032	0.029
0.119	0.012	0.010	0.010	0.088	0.090	0.029	0.097	0.011	0.160	0.042	0.015	0.021	0.012	0.015	0.050	0.056	0.105	0.032	0.029
0.119	0.012	0.010	0.010	0.088	0.090	0.029	0.097	0.011	0.160	0.042	0.015	0.021	0.012	0.015	0.050	0.056	0.105	0.032	0.029
0.119	0.012	0.010	0.010	0.088	0.090	0.029	0.097	0.011	0.160	0.042	0.015	0.021	0.012	0.015	0.050	0.056	0.105	0.032	0.029
0.119	0.012	0.010	0.010	0.088	0.090	0.029	0.097	0.011	0.160	0.042	0.015	0.021	0.012	0.015	0.050	0.056	0.105	0.032	0.029
0.119	0.012	0.010	0.010	0.088	0.090	0.029	0.097	0.011	0.160	0.042	0.015	0.021	0.012	0.015	0.050	0.056	0.105	0.032	0.029
0.119	0.012	0.010	0.010	0.088	0.090	0.029	0.097	0.011	0.160	0.042	0.015	0.021	0.012	0.015	0.050	0.056	0.105	0.032	0.029
0.119	0.012	0.010	0.010	0.088	0.090	0.029	0.097	0.011	0.160	0.042	0.015	0.021	0.012	0.015	0.050	0.056	0.105	0.032	0.029
0.119	0.012	0.010	0.010	0.088	0.090	0.029	0.097	0.011	0.160	0.042	0.015	0.021	0.012	0.015	0.050	0.056	0.105	0.032	0.029
0.103	0.006	0.024	0.035	0.062	0.066	0.029	0.066	0.034	0.147	0.038	0.021	0.041	0.027	0.044	0.051	0.050	0.075	0.039	0.042
0.103	0.006	0.024	0.035	0.062	0.066	0.029	0.066	0.034	0.147	0.038	0.021	0.041	0.027	0.044	0.051	0.050	0.075	0.039	0.042
0.103	0.006	0.024	0.035	0.062	0.066	0.029	0.066	0.034	0.147	0.038	0.021	0.041	0.027	0.044	0.051	0.050	0.075	0.039	0.042
0.103	0.006	0.024	0.035	0.062	0.066	0.029	0.066	0.034	0.147	0.038	0.021	0.041	0.027	0.044	0.051	0.050	0.075	0.039	0.042
0.103	0.006	0.024	0.035	0.062	0.066	0.029	0.066	0.034	0.147	0.038	0.021	0.041	0.027	0.044	0.051	0.050	0.075	0.039	0.042
0.063	0.008	0.049	0.047	0.047	0.095	0.027	0.047	0.063	0.082	0.028	0.049	0.072	0.032	0.078	0.063	0.058	0.045	0.020	0.026
0.063	0.008	0.049	0.047	0.047	0.095	0.027	0.047	0.063	0.082	0.028	0.049	0.072	0.032	0.078	0.063	0.058	0.045	0.020	0.026
0.063	0.008	0.049	0.047	0.047	0.095	0.027	0.047	0.063	0.082	0.028	0.049	0.072	0.032	0.078	0.063	0.058	0.045	0.020	0.026
0.063	0.008	0.049	0.047	0.047	0.095	0.027	0.047	0.063	0.082	0.028	0.049	0.072	0.032	0.078	0.063	0.058	0.045	0.020	0.026
0.063	0.008	0.049	0.047	0.047	0.095	0.027	0.047	0.063	0.082	0.028	0.049	0.072	0.032	0.078	0.063	0.058	0.045	0.020	0.026
0.063	0.008	0.049	0.047	0.047	0.095	0.027	0.047	0.063	0.082	0.028	0.049	0.072	0.032	0.078	0.063	0.058	0.045	0.020	0.026
0.063	0.008	0.049	0.047	0.047	0.095	0.027	0.047	0.063	0.082	0.028	0.049	0.072	0.032	0.078	0.063	0.058	0.045	0.020	0.026
0.063	0.008	0.049	0.047	0.047	0.095	0.027	0.047	0.063	0.082	0.028	0.049	0.072	0.032	0.078	0.063	0.058	0.045	0.020	0.026
0.063	0.008	0.049	0.047	0.047	0.095	0.027	0.047	0.063	0.082	0.028	0.049	0.072	0.032	0.078	0.063	0.058	0.045	0.020	0.026
0.063	0.008	0.049	0.047	0.047	0.095	0.027	0.047	0.063	0.082	0.028	0.049	0.072	0.032	0.078	0.063	0.058	0.045	0.020	0.026
0.082	0.012	0.065	0.084	0.030	0.067	0.024	0.056	0.062	0.077	0.018	0.033	0.051	0.028	0.066	0.062	0.066	0.079	0.011	0.026
0.063	0.008	0.049	0.047	0.047	0.095	0.027	0.047	0.063	0.082	0.028	0.049	0.072	0.032	0.078	0.063	0.058	0.045	0.020	0.026
0.063	0.008	0.049	0.047	0.047	0.095	0.027	0.047	0.063	0.082	0.028	0.049	0.072	0.032	0.078	0.063	0.058	0.045	0.020	0.026
0.063	0.008	0.049	0.047	0.047	0.095	0.027	0.047	0.063	0.082	0.028	0.049	0.072	0.032	0.078	0.063	0.058	0.045	0.020	0.026
0.063	0.008	0.049	0.047	0.047	0.095	0.027	0.047	0.063	0.082	0.028	0.049	0.072	0.032	0.078	0.063	0.058	0.045	0.020	0.026
0.063	0.008	0.049	0.047	0.047	0.095	0.027	0.047	0.063	0.082	0.028	0.049	0.072	0.032	0.078	0.063	0.058	0.045	0.020	0.026
0.063	0.008	0.049	0.047	0.047	0.095	0.027	0.047	0.063	0.082	0.028	0.049	0.072	0.032	0.078	0.063	0.058	0.045	0.020	0.026
0.063	0.008	0.049	0.047	0.047	0.095	0.027	0.047	0.063	0.082	0.028	0.049	0.072	0.032	0.078	0.063	0.058	0.045	0.020	0.026
0.063	0.008	0.049	0.047	0.047	0.095	0.027	0.047	0.063	0.082	0.028	0.049	0.072	0.032	0.078	0.063	0.058	0.045	0.020	0.026
0.063	0.008	0.049	0.047	0.047	0.095	0.027	0.047	0.063	0.082	0.028	0.049	0.072	0.032	0.078	0.063	0.058	0.045	0.020	0.026
0.063	0.008	0.049	0.047	0.047	0.095	0.027	0.047	0.063	0.082	0.028	0.049	0.072	0.032	0.078	0.063	0.058	0.045	0.020	0.026
0	0	0	0	0	0	0	0	0	0	0	0	0	0	0	0	0	0	0	0