0.000000 	0.000000 	0.000000 	0.000000 	0.000000 	0.000000 	0.000000 	0.000000 	0.000000 	0.000000 	0.000000 	0.000000 	0.000000 	0.000000 	0.000000 	0.000000 	0.000000 	0.000000 	0.000000 	0.000000 	0.000000 	0.000000 	0.000000 	0.000000 	0.000000 	0.000000 	0.000000 	0.000000 	0.000000 	0.000000 	0.000000 	0.000000 	0.000000 	0.000000 	0.000000 	0.000000 	0.000000 	0.000000 	0.000000 	0.000000 	
0.055285 	0.034683 	0.005187 	0.001263 	0.006862 	0.002937 	0.005144 	0.008087 	0.061165 	0.028790 	0.055685 	0.019386 	0.019315 	0.006562 	0.066302 	0.034908 	0.011964 	0.008040 	0.110950 	0.067783 	0.034138 	0.009611 	0.010612 	0.004726 	0.019727 	0.005992 	0.006708 	0.004746 	0.017840 	0.008029 	0.030835 	0.014157 	0.026842 	0.016051 	0.058713 	0.023394 	0.026227 	0.023284 	0.036299 	0.011772 	
0.055285 	0.034683 	0.005187 	0.001263 	0.006862 	0.002937 	0.005144 	0.008087 	0.061165 	0.028790 	0.055685 	0.019386 	0.019315 	0.006562 	0.066302 	0.034908 	0.011964 	0.008040 	0.110950 	0.067783 	0.034138 	0.009611 	0.010612 	0.004726 	0.019727 	0.005992 	0.006708 	0.004746 	0.017840 	0.008029 	0.030835 	0.014157 	0.026842 	0.016051 	0.058713 	0.023394 	0.026227 	0.023284 	0.036299 	0.011772 	
0.055285 	0.034683 	0.005187 	0.001263 	0.006862 	0.002937 	0.005144 	0.008087 	0.061165 	0.028790 	0.055685 	0.019386 	0.019315 	0.006562 	0.066302 	0.034908 	0.011964 	0.008040 	0.110950 	0.067783 	0.034138 	0.009611 	0.010612 	0.004726 	0.019727 	0.005992 	0.006708 	0.004746 	0.017840 	0.008029 	0.030835 	0.014157 	0.026842 	0.016051 	0.058713 	0.023394 	0.026227 	0.023284 	0.036299 	0.011772 	
0.055285 	0.034683 	0.005187 	0.001263 	0.006862 	0.002937 	0.005144 	0.008087 	0.061165 	0.028790 	0.055685 	0.019386 	0.019315 	0.006562 	0.066302 	0.034908 	0.011964 	0.008040 	0.110950 	0.067783 	0.034138 	0.009611 	0.010612 	0.004726 	0.019727 	0.005992 	0.006708 	0.004746 	0.017840 	0.008029 	0.030835 	0.014157 	0.026842 	0.016051 	0.058713 	0.023394 	0.026227 	0.023284 	0.036299 	0.011772 	
0.081925 	0.032244 	0.010791 	0.002511 	0.006071 	0.001931 	0.004086 	0.005359 	0.070746 	0.022339 	0.064783 	0.021471 	0.015643 	0.005771 	0.075436 	0.027348 	0.005949 	0.001809 	0.114178 	0.053033 	0.030717 	0.011609 	0.009400 	0.003668 	0.017328 	0.003634 	0.004643 	0.001458 	0.004347 	0.002436 	0.039620 	0.013187 	0.041143 	0.014073 	0.084931 	0.042893 	0.020783 	0.008044 	0.016904 	0.005758 	
0.082146 	0.032469 	0.010876 	0.002597 	0.005871 	0.001731 	0.003729 	0.005003 	0.071110 	0.022707 	0.065119 	0.021811 	0.015642 	0.005770 	0.075871 	0.027787 	0.005621 	0.001482 	0.114354 	0.053213 	0.030772 	0.011665 	0.009314 	0.003582 	0.017042 	0.003349 	0.004429 	0.001245 	0.003933 	0.002023 	0.039602 	0.013172 	0.041225 	0.014158 	0.085351 	0.043317 	0.020681 	0.007944 	0.016717 	0.005572 	
0.082146 	0.032469 	0.010876 	0.002597 	0.005871 	0.001731 	0.003729 	0.005003 	0.071110 	0.022707 	0.065119 	0.021811 	0.015642 	0.005770 	0.075871 	0.027787 	0.005621 	0.001482 	0.114354 	0.053213 	0.030772 	0.011665 	0.009314 	0.003582 	0.017042 	0.003349 	0.004429 	0.001245 	0.003933 	0.002023 	0.039602 	0.013172 	0.041225 	0.014158 	0.085351 	0.043317 	0.020681 	0.007944 	0.016717 	0.005572 	
0.082146 	0.032469 	0.010876 	0.002597 	0.005871 	0.001731 	0.003729 	0.005003 	0.071110 	0.022707 	0.065119 	0.021811 	0.015642 	0.005770 	0.075871 	0.027787 	0.005621 	0.001482 	0.114354 	0.053213 	0.030772 	0.011665 	0.009314 	0.003582 	0.017042 	0.003349 	0.004429 	0.001245 	0.003933 	0.002023 	0.039602 	0.013172 	0.041225 	0.014158 	0.085351 	0.043317 	0.020681 	0.007944 	0.016717 	0.005572 	
0.082146 	0.032469 	0.010876 	0.002597 	0.005871 	0.001731 	0.003729 	0.005003 	0.071110 	0.022707 	0.065119 	0.021811 	0.015642 	0.005770 	0.075871 	0.027787 	0.005621 	0.001482 	0.114354 	0.053213 	0.030772 	0.011665 	0.009314 	0.003582 	0.017042 	0.003349 	0.004429 	0.001245 	0.003933 	0.002023 	0.039602 	0.013172 	0.041225 	0.014158 	0.085351 	0.043317 	0.020681 	0.007944 	0.016717 	0.005572 	
0.082146 	0.032469 	0.010876 	0.002597 	0.005871 	0.001731 	0.003729 	0.005003 	0.071110 	0.022707 	0.065119 	0.021811 	0.015642 	0.005770 	0.075871 	0.027787 	0.005621 	0.001482 	0.114354 	0.053213 	0.030772 	0.011665 	0.009314 	0.003582 	0.017042 	0.003349 	0.004429 	0.001245 	0.003933 	0.002023 	0.039602 	0.013172 	0.041225 	0.014158 	0.085351 	0.043317 	0.020681 	0.007944 	0.016717 	0.005572 	
0.082146 	0.032469 	0.010876 	0.002597 	0.005871 	0.001731 	0.003729 	0.005003 	0.071110 	0.022707 	0.065119 	0.021811 	0.015642 	0.005770 	0.075871 	0.027787 	0.005621 	0.001482 	0.114354 	0.053213 	0.030772 	0.011665 	0.009314 	0.003582 	0.017042 	0.003349 	0.004429 	0.001245 	0.003933 	0.002023 	0.039602 	0.013172 	0.041225 	0.014158 	0.085351 	0.043317 	0.020681 	0.007944 	0.016717 	0.005572 	
0.082146 	0.032469 	0.010876 	0.002597 	0.005871 	0.001731 	0.003729 	0.005003 	0.071110 	0.022707 	0.065119 	0.021811 	0.015642 	0.005770 	0.075871 	0.027787 	0.005621 	0.001482 	0.114354 	0.053213 	0.030772 	0.011665 	0.009314 	0.003582 	0.017042 	0.003349 	0.004429 	0.001245 	0.003933 	0.002023 	0.039602 	0.013172 	0.041225 	0.014158 	0.085351 	0.043317 	0.020681 	0.007944 	0.016717 	0.005572 	
0.082146 	0.032469 	0.010876 	0.002597 	0.005871 	0.001731 	0.003729 	0.005003 	0.071110 	0.022707 	0.065119 	0.021811 	0.015642 	0.005770 	0.075871 	0.027787 	0.005621 	0.001482 	0.114354 	0.053213 	0.030772 	0.011665 	0.009314 	0.003582 	0.017042 	0.003349 	0.004429 	0.001245 	0.003933 	0.002023 	0.039602 	0.013172 	0.041225 	0.014158 	0.085351 	0.043317 	0.020681 	0.007944 	0.016717 	0.005572 	
0.082146 	0.032469 	0.010876 	0.002597 	0.005871 	0.001731 	0.003729 	0.005003 	0.071110 	0.022707 	0.065119 	0.021811 	0.015642 	0.005770 	0.075871 	0.027787 	0.005621 	0.001482 	0.114354 	0.053213 	0.030772 	0.011665 	0.009314 	0.003582 	0.017042 	0.003349 	0.004429 	0.001245 	0.003933 	0.002023 	0.039602 	0.013172 	0.041225 	0.014158 	0.085351 	0.043317 	0.020681 	0.007944 	0.016717 	0.005572 	
0.082146 	0.032469 	0.010876 	0.002597 	0.005871 	0.001731 	0.003729 	0.005003 	0.071110 	0.022707 	0.065119 	0.021811 	0.015642 	0.005770 	0.075871 	0.027787 	0.005621 	0.001482 	0.114354 	0.053213 	0.030772 	0.011665 	0.009314 	0.003582 	0.017042 	0.003349 	0.004429 	0.001245 	0.003933 	0.002023 	0.039602 	0.013172 	0.041225 	0.014158 	0.085351 	0.043317 	0.020681 	0.007944 	0.016717 	0.005572 	
0.082146 	0.032469 	0.010876 	0.002597 	0.005871 	0.001731 	0.003729 	0.005003 	0.071110 	0.022707 	0.065119 	0.021811 	0.015642 	0.005770 	0.075871 	0.027787 	0.005621 	0.001482 	0.114354 	0.053213 	0.030772 	0.011665 	0.009314 	0.003582 	0.017042 	0.003349 	0.004429 	0.001245 	0.003933 	0.002023 	0.039602 	0.013172 	0.041225 	0.014158 	0.085351 	0.043317 	0.020681 	0.007944 	0.016717 	0.005572 	
0.082146 	0.032469 	0.010876 	0.002597 	0.005871 	0.001731 	0.003729 	0.005003 	0.071110 	0.022707 	0.065119 	0.021811 	0.015642 	0.005770 	0.075871 	0.027787 	0.005621 	0.001482 	0.114354 	0.053213 	0.030772 	0.011665 	0.009314 	0.003582 	0.017042 	0.003349 	0.004429 	0.001245 	0.003933 	0.002023 	0.039602 	0.013172 	0.041225 	0.014158 	0.085351 	0.043317 	0.020681 	0.007944 	0.016717 	0.005572 	
0.082146 	0.032469 	0.010876 	0.002597 	0.005871 	0.001731 	0.003729 	0.005003 	0.071110 	0.022707 	0.065119 	0.021811 	0.015642 	0.005770 	0.075871 	0.027787 	0.005621 	0.001482 	0.114354 	0.053213 	0.030772 	0.011665 	0.009314 	0.003582 	0.017042 	0.003349 	0.004429 	0.001245 	0.003933 	0.002023 	0.039602 	0.013172 	0.041225 	0.014158 	0.085351 	0.043317 	0.020681 	0.007944 	0.016717 	0.005572 	
0.082146 	0.032469 	0.010876 	0.002597 	0.005871 	0.001731 	0.003729 	0.005003 	0.071110 	0.022707 	0.065119 	0.021811 	0.015642 	0.005770 	0.075871 	0.027787 	0.005621 	0.001482 	0.114354 	0.053213 	0.030772 	0.011665 	0.009314 	0.003582 	0.017042 	0.003349 	0.004429 	0.001245 	0.003933 	0.002023 	0.039602 	0.013172 	0.041225 	0.014158 	0.085351 	0.043317 	0.020681 	0.007944 	0.016717 	0.005572 	
0.082146 	0.032469 	0.010876 	0.002597 	0.005871 	0.001731 	0.003729 	0.005003 	0.071110 	0.022707 	0.065119 	0.021811 	0.015642 	0.005770 	0.075871 	0.027787 	0.005621 	0.001482 	0.114354 	0.053213 	0.030772 	0.011665 	0.009314 	0.003582 	0.017042 	0.003349 	0.004429 	0.001245 	0.003933 	0.002023 	0.039602 	0.013172 	0.041225 	0.014158 	0.085351 	0.043317 	0.020681 	0.007944 	0.016717 	0.005572 	
0.082146 	0.032469 	0.010876 	0.002597 	0.005871 	0.001731 	0.003729 	0.005003 	0.071110 	0.022707 	0.065119 	0.021811 	0.015642 	0.005770 	0.075871 	0.027787 	0.005621 	0.001482 	0.114354 	0.053213 	0.030772 	0.011665 	0.009314 	0.003582 	0.017042 	0.003349 	0.004429 	0.001245 	0.003933 	0.002023 	0.039602 	0.013172 	0.041225 	0.014158 	0.085351 	0.043317 	0.020681 	0.007944 	0.016717 	0.005572 	
0.082146 	0.032469 	0.010876 	0.002597 	0.005871 	0.001731 	0.003729 	0.005003 	0.071110 	0.022707 	0.065119 	0.021811 	0.015642 	0.005770 	0.075871 	0.027787 	0.005621 	0.001482 	0.114354 	0.053213 	0.030772 	0.011665 	0.009314 	0.003582 	0.017042 	0.003349 	0.004429 	0.001245 	0.003933 	0.002023 	0.039602 	0.013172 	0.041225 	0.014158 	0.085351 	0.043317 	0.020681 	0.007944 	0.016717 	0.005572 	
0.082146 	0.032469 	0.010876 	0.002597 	0.005871 	0.001731 	0.003729 	0.005003 	0.071110 	0.022707 	0.065119 	0.021811 	0.015642 	0.005770 	0.075871 	0.027787 	0.005621 	0.001482 	0.114354 	0.053213 	0.030772 	0.011665 	0.009314 	0.003582 	0.017042 	0.003349 	0.004429 	0.001245 	0.003933 	0.002023 	0.039602 	0.013172 	0.041225 	0.014158 	0.085351 	0.043317 	0.020681 	0.007944 	0.016717 	0.005572 	
0.082146 	0.032469 	0.010876 	0.002597 	0.005871 	0.001731 	0.003729 	0.005003 	0.071110 	0.022707 	0.065119 	0.021811 	0.015642 	0.005770 	0.075871 	0.027787 	0.005621 	0.001482 	0.114354 	0.053213 	0.030772 	0.011665 	0.009314 	0.003582 	0.017042 	0.003349 	0.004429 	0.001245 	0.003933 	0.002023 	0.039602 	0.013172 	0.041225 	0.014158 	0.085351 	0.043317 	0.020681 	0.007944 	0.016717 	0.005572 	
0.082146 	0.032469 	0.010876 	0.002597 	0.005871 	0.001731 	0.003729 	0.005003 	0.071110 	0.022707 	0.065119 	0.021811 	0.015642 	0.005770 	0.075871 	0.027787 	0.005621 	0.001482 	0.114354 	0.053213 	0.030772 	0.011665 	0.009314 	0.003582 	0.017042 	0.003349 	0.004429 	0.001245 	0.003933 	0.002023 	0.039602 	0.013172 	0.041225 	0.014158 	0.085351 	0.043317 	0.020681 	0.007944 	0.016717 	0.005572 	
0.082146 	0.032469 	0.010876 	0.002597 	0.005871 	0.001731 	0.003729 	0.005003 	0.071110 	0.022707 	0.065119 	0.021811 	0.015642 	0.005770 	0.075871 	0.027787 	0.005621 	0.001482 	0.114354 	0.053213 	0.030772 	0.011665 	0.009314 	0.003582 	0.017042 	0.003349 	0.004429 	0.001245 	0.003933 	0.002023 	0.039602 	0.013172 	0.041225 	0.014158 	0.085351 	0.043317 	0.020681 	0.007944 	0.016717 	0.005572 	
0.082146 	0.032469 	0.010876 	0.002597 	0.005871 	0.001731 	0.003729 	0.005003 	0.071110 	0.022707 	0.065119 	0.021811 	0.015642 	0.005770 	0.075871 	0.027787 	0.005621 	0.001482 	0.114354 	0.053213 	0.030772 	0.011665 	0.009314 	0.003582 	0.017042 	0.003349 	0.004429 	0.001245 	0.003933 	0.002023 	0.039602 	0.013172 	0.041225 	0.014158 	0.085351 	0.043317 	0.020681 	0.007944 	0.016717 	0.005572 	
0.082146 	0.032469 	0.010876 	0.002597 	0.005871 	0.001731 	0.003729 	0.005003 	0.071110 	0.022707 	0.065119 	0.021811 	0.015642 	0.005770 	0.075871 	0.027787 	0.005621 	0.001482 	0.114354 	0.053213 	0.030772 	0.011665 	0.009314 	0.003582 	0.017042 	0.003349 	0.004429 	0.001245 	0.003933 	0.002023 	0.039602 	0.013172 	0.041225 	0.014158 	0.085351 	0.043317 	0.020681 	0.007944 	0.016717 	0.005572 	
0.082146 	0.032469 	0.010876 	0.002597 	0.005871 	0.001731 	0.003729 	0.005003 	0.071110 	0.022707 	0.065119 	0.021811 	0.015642 	0.005770 	0.075871 	0.027787 	0.005621 	0.001482 	0.114354 	0.053213 	0.030772 	0.011665 	0.009314 	0.003582 	0.017042 	0.003349 	0.004429 	0.001245 	0.003933 	0.002023 	0.039602 	0.013172 	0.041225 	0.014158 	0.085351 	0.043317 	0.020681 	0.007944 	0.016717 	0.005572 	
0.082146 	0.032469 	0.010876 	0.002597 	0.005871 	0.001731 	0.003729 	0.005003 	0.071110 	0.022707 	0.065119 	0.021811 	0.015642 	0.005770 	0.075871 	0.027787 	0.005621 	0.001482 	0.114354 	0.053213 	0.030772 	0.011665 	0.009314 	0.003582 	0.017042 	0.003349 	0.004429 	0.001245 	0.003933 	0.002023 	0.039602 	0.013172 	0.041225 	0.014158 	0.085351 	0.043317 	0.020681 	0.007944 	0.016717 	0.005572 	
0.081925 	0.032244 	0.010791 	0.002511 	0.006071 	0.001931 	0.004086 	0.005359 	0.070746 	0.022339 	0.064783 	0.021471 	0.015643 	0.005771 	0.075436 	0.027348 	0.005949 	0.001809 	0.114178 	0.053033 	0.030717 	0.011609 	0.009400 	0.003668 	0.017328 	0.003634 	0.004643 	0.001458 	0.004347 	0.002436 	0.039620 	0.013187 	0.041143 	0.014073 	0.084931 	0.042893 	0.020783 	0.008044 	0.016904 	0.005758 	
0.082755 	0.039589 	0.005187 	0.001263 	0.007843 	0.002937 	0.008087 	0.003181 	0.063127 	0.030752 	0.054704 	0.013499 	0.022259 	0.005581 	0.074150 	0.036870 	0.005097 	0.002153 	0.082499 	0.056011 	0.035119 	0.009611 	0.004726 	0.002764 	0.011878 	0.011878 	0.005727 	0.002784 	0.007048 	0.006067 	0.029854 	0.013176 	0.035672 	0.016051 	0.077353 	0.031243 	0.034075 	0.014454 	0.040223 	0.012753 	
0.082755 	0.039589 	0.005187 	0.001263 	0.007843 	0.002937 	0.008087 	0.003181 	0.063127 	0.030752 	0.054704 	0.013499 	0.022259 	0.005581 	0.074150 	0.036870 	0.005097 	0.002153 	0.082499 	0.056011 	0.035119 	0.009611 	0.004726 	0.002764 	0.011878 	0.011878 	0.005727 	0.002784 	0.007048 	0.006067 	0.029854 	0.013176 	0.035672 	0.016051 	0.077353 	0.031243 	0.034075 	0.014454 	0.040223 	0.012753 	
0.082755 	0.039589 	0.005187 	0.001263 	0.007843 	0.002937 	0.008087 	0.003181 	0.063127 	0.030752 	0.054704 	0.013499 	0.022259 	0.005581 	0.074150 	0.036870 	0.005097 	0.002153 	0.082499 	0.056011 	0.035119 	0.009611 	0.004726 	0.002764 	0.011878 	0.011878 	0.005727 	0.002784 	0.007048 	0.006067 	0.029854 	0.013176 	0.035672 	0.016051 	0.077353 	0.031243 	0.034075 	0.014454 	0.040223 	0.012753 	
0.082755 	0.039589 	0.005187 	0.001263 	0.007843 	0.002937 	0.008087 	0.003181 	0.063127 	0.030752 	0.054704 	0.013499 	0.022259 	0.005581 	0.074150 	0.036870 	0.005097 	0.002153 	0.082499 	0.056011 	0.035119 	0.009611 	0.004726 	0.002764 	0.011878 	0.011878 	0.005727 	0.002784 	0.007048 	0.006067 	0.029854 	0.013176 	0.035672 	0.016051 	0.077353 	0.031243 	0.034075 	0.014454 	0.040223 	0.012753 	
0.042778 	0.037777 	0.002086 	0.001636 	0.026870 	0.019347 	0.023490 	0.019060 	0.027437 	0.023945 	0.055115 	0.043214 	0.021572 	0.016458 	0.021438 	0.024358 	0.009761 	0.012009 	0.051459 	0.046742 	0.022268 	0.018549 	0.022858 	0.017727 	0.033743 	0.037766 	0.017269 	0.022534 	0.012853 	0.013311 	0.028548 	0.030589 	0.034004 	0.029532 	0.027436 	0.026385 	0.018631 	0.018201 	0.021650 	0.019597 	
0.042778 	0.037777 	0.002086 	0.001636 	0.026870 	0.019347 	0.023490 	0.019060 	0.027437 	0.023945 	0.055115 	0.043214 	0.021572 	0.016458 	0.021438 	0.024358 	0.009761 	0.012009 	0.051459 	0.046742 	0.022268 	0.018549 	0.022858 	0.017727 	0.033743 	0.037766 	0.017269 	0.022534 	0.012853 	0.013311 	0.028548 	0.030589 	0.034004 	0.029532 	0.027436 	0.026385 	0.018631 	0.018201 	0.021650 	0.019597 	
0.042778 	0.037777 	0.002086 	0.001636 	0.026870 	0.019347 	0.023490 	0.019060 	0.027437 	0.023945 	0.055115 	0.043214 	0.021572 	0.016458 	0.021438 	0.024358 	0.009761 	0.012009 	0.051459 	0.046742 	0.022268 	0.018549 	0.022858 	0.017727 	0.033743 	0.037766 	0.017269 	0.022534 	0.012853 	0.013311 	0.028548 	0.030589 	0.034004 	0.029532 	0.027436 	0.026385 	0.018631 	0.018201 	0.021650 	0.019597 	
0.042778 	0.037777 	0.002086 	0.001636 	0.026870 	0.019347 	0.023490 	0.019060 	0.027437 	0.023945 	0.055115 	0.043214 	0.021572 	0.016458 	0.021438 	0.024358 	0.009761 	0.012009 	0.051459 	0.046742 	0.022268 	0.018549 	0.022858 	0.017727 	0.033743 	0.037766 	0.017269 	0.022534 	0.012853 	0.013311 	0.028548 	0.030589 	0.034004 	0.029532 	0.027436 	0.026385 	0.018631 	0.018201 	0.021650 	0.019597 	
0.042778 	0.037777 	0.002086 	0.001636 	0.026870 	0.019347 	0.023490 	0.019060 	0.027437 	0.023945 	0.055115 	0.043214 	0.021572 	0.016458 	0.021438 	0.024358 	0.009761 	0.012009 	0.051459 	0.046742 	0.022268 	0.018549 	0.022858 	0.017727 	0.033743 	0.037766 	0.017269 	0.022534 	0.012853 	0.013311 	0.028548 	0.030589 	0.034004 	0.029532 	0.027436 	0.026385 	0.018631 	0.018201 	0.021650 	0.019597 	
0.042778 	0.037777 	0.002086 	0.001636 	0.026870 	0.019347 	0.023490 	0.019060 	0.027437 	0.023945 	0.055115 	0.043214 	0.021572 	0.016458 	0.021438 	0.024358 	0.009761 	0.012009 	0.051459 	0.046742 	0.022268 	0.018549 	0.022858 	0.017727 	0.033743 	0.037766 	0.017269 	0.022534 	0.012853 	0.013311 	0.028548 	0.030589 	0.034004 	0.029532 	0.027436 	0.026385 	0.018631 	0.018201 	0.021650 	0.019597 	
0.042778 	0.037777 	0.002086 	0.001636 	0.026870 	0.019347 	0.023490 	0.019060 	0.027437 	0.023945 	0.055115 	0.043214 	0.021572 	0.016458 	0.021438 	0.024358 	0.009761 	0.012009 	0.051459 	0.046742 	0.022268 	0.018549 	0.022858 	0.017727 	0.033743 	0.037766 	0.017269 	0.022534 	0.012853 	0.013311 	0.028548 	0.030589 	0.034004 	0.029532 	0.027436 	0.026385 	0.018631 	0.018201 	0.021650 	0.019597 	
0.042778 	0.037777 	0.002086 	0.001636 	0.026870 	0.019347 	0.023490 	0.019060 	0.027437 	0.023945 	0.055115 	0.043214 	0.021572 	0.016458 	0.021438 	0.024358 	0.009761 	0.012009 	0.051459 	0.046742 	0.022268 	0.018549 	0.022858 	0.017727 	0.033743 	0.037766 	0.017269 	0.022534 	0.012853 	0.013311 	0.028548 	0.030589 	0.034004 	0.029532 	0.027436 	0.026385 	0.018631 	0.018201 	0.021650 	0.019597 	
0.042778 	0.037777 	0.002086 	0.001636 	0.026870 	0.019347 	0.023490 	0.019060 	0.027437 	0.023945 	0.055115 	0.043214 	0.021572 	0.016458 	0.021438 	0.024358 	0.009761 	0.012009 	0.051459 	0.046742 	0.022268 	0.018549 	0.022858 	0.017727 	0.033743 	0.037766 	0.017269 	0.022534 	0.012853 	0.013311 	0.028548 	0.030589 	0.034004 	0.029532 	0.027436 	0.026385 	0.018631 	0.018201 	0.021650 	0.019597 	
0.042778 	0.037777 	0.002086 	0.001636 	0.026870 	0.019347 	0.023490 	0.019060 	0.027437 	0.023945 	0.055115 	0.043214 	0.021572 	0.016458 	0.021438 	0.024358 	0.009761 	0.012009 	0.051459 	0.046742 	0.022268 	0.018549 	0.022858 	0.017727 	0.033743 	0.037766 	0.017269 	0.022534 	0.012853 	0.013311 	0.028548 	0.030589 	0.034004 	0.029532 	0.027436 	0.026385 	0.018631 	0.018201 	0.021650 	0.019597 	
0.033714 	0.044348 	0.008382 	0.013389 	0.023642 	0.033194 	0.024557 	0.037542 	0.019285 	0.022438 	0.031157 	0.043054 	0.010407 	0.016485 	0.019100 	0.027017 	0.020323 	0.025934 	0.033541 	0.048056 	0.007664 	0.011920 	0.019173 	0.024657 	0.028512 	0.036741 	0.021193 	0.022860 	0.023762 	0.021356 	0.029923 	0.030619 	0.024709 	0.027296 	0.026707 	0.035587 	0.011079 	0.017880 	0.016637 	0.026162 	
0.042778 	0.037777 	0.002086 	0.001636 	0.026870 	0.019347 	0.023490 	0.019060 	0.027437 	0.023945 	0.055115 	0.043214 	0.021572 	0.016458 	0.021438 	0.024358 	0.009761 	0.012009 	0.051459 	0.046742 	0.022268 	0.018549 	0.022858 	0.017727 	0.033743 	0.037766 	0.017269 	0.022534 	0.012853 	0.013311 	0.028548 	0.030589 	0.034004 	0.029532 	0.027436 	0.026385 	0.018631 	0.018201 	0.021650 	0.019597 	
0.042778 	0.037777 	0.002086 	0.001636 	0.026870 	0.019347 	0.023490 	0.019060 	0.027437 	0.023945 	0.055115 	0.043214 	0.021572 	0.016458 	0.021438 	0.024358 	0.009761 	0.012009 	0.051459 	0.046742 	0.022268 	0.018549 	0.022858 	0.017727 	0.033743 	0.037766 	0.017269 	0.022534 	0.012853 	0.013311 	0.028548 	0.030589 	0.034004 	0.029532 	0.027436 	0.026385 	0.018631 	0.018201 	0.021650 	0.019597 	
0.042778 	0.037777 	0.002086 	0.001636 	0.026870 	0.019347 	0.023490 	0.019060 	0.027437 	0.023945 	0.055115 	0.043214 	0.021572 	0.016458 	0.021438 	0.024358 	0.009761 	0.012009 	0.051459 	0.046742 	0.022268 	0.018549 	0.022858 	0.017727 	0.033743 	0.037766 	0.017269 	0.022534 	0.012853 	0.013311 	0.028548 	0.030589 	0.034004 	0.029532 	0.027436 	0.026385 	0.018631 	0.018201 	0.021650 	0.019597 	
0.042778 	0.037777 	0.002086 	0.001636 	0.026870 	0.019347 	0.023490 	0.019060 	0.027437 	0.023945 	0.055115 	0.043214 	0.021572 	0.016458 	0.021438 	0.024358 	0.009761 	0.012009 	0.051459 	0.046742 	0.022268 	0.018549 	0.022858 	0.017727 	0.033743 	0.037766 	0.017269 	0.022534 	0.012853 	0.013311 	0.028548 	0.030589 	0.034004 	0.029532 	0.027436 	0.026385 	0.018631 	0.018201 	0.021650 	0.019597 	
0.042778 	0.037777 	0.002086 	0.001636 	0.026870 	0.019347 	0.023490 	0.019060 	0.027437 	0.023945 	0.055115 	0.043214 	0.021572 	0.016458 	0.021438 	0.024358 	0.009761 	0.012009 	0.051459 	0.046742 	0.022268 	0.018549 	0.022858 	0.017727 	0.033743 	0.037766 	0.017269 	0.022534 	0.012853 	0.013311 	0.028548 	0.030589 	0.034004 	0.029532 	0.027436 	0.026385 	0.018631 	0.018201 	0.021650 	0.019597 	
0.042778 	0.037777 	0.002086 	0.001636 	0.026870 	0.019347 	0.023490 	0.019060 	0.027437 	0.023945 	0.055115 	0.043214 	0.021572 	0.016458 	0.021438 	0.024358 	0.009761 	0.012009 	0.051459 	0.046742 	0.022268 	0.018549 	0.022858 	0.017727 	0.033743 	0.037766 	0.017269 	0.022534 	0.012853 	0.013311 	0.028548 	0.030589 	0.034004 	0.029532 	0.027436 	0.026385 	0.018631 	0.018201 	0.021650 	0.019597 	
0.042778 	0.037777 	0.002086 	0.001636 	0.026870 	0.019347 	0.023490 	0.019060 	0.027437 	0.023945 	0.055115 	0.043214 	0.021572 	0.016458 	0.021438 	0.024358 	0.009761 	0.012009 	0.051459 	0.046742 	0.022268 	0.018549 	0.022858 	0.017727 	0.033743 	0.037766 	0.017269 	0.022534 	0.012853 	0.013311 	0.028548 	0.030589 	0.034004 	0.029532 	0.027436 	0.026385 	0.018631 	0.018201 	0.021650 	0.019597 	
0.042778 	0.037777 	0.002086 	0.001636 	0.026870 	0.019347 	0.023490 	0.019060 	0.027437 	0.023945 	0.055115 	0.043214 	0.021572 	0.016458 	0.021438 	0.024358 	0.009761 	0.012009 	0.051459 	0.046742 	0.022268 	0.018549 	0.022858 	0.017727 	0.033743 	0.037766 	0.017269 	0.022534 	0.012853 	0.013311 	0.028548 	0.030589 	0.034004 	0.029532 	0.027436 	0.026385 	0.018631 	0.018201 	0.021650 	0.019597 	
0.042778 	0.037777 	0.002086 	0.001636 	0.026870 	0.019347 	0.023490 	0.019060 	0.027437 	0.023945 	0.055115 	0.043214 	0.021572 	0.016458 	0.021438 	0.024358 	0.009761 	0.012009 	0.051459 	0.046742 	0.022268 	0.018549 	0.022858 	0.017727 	0.033743 	0.037766 	0.017269 	0.022534 	0.012853 	0.013311 	0.028548 	0.030589 	0.034004 	0.029532 	0.027436 	0.026385 	0.018631 	0.018201 	0.021650 	0.019597 	
0.042778 	0.037777 	0.002086 	0.001636 	0.026870 	0.019347 	0.023490 	0.019060 	0.027437 	0.023945 	0.055115 	0.043214 	0.021572 	0.016458 	0.021438 	0.024358 	0.009761 	0.012009 	0.051459 	0.046742 	0.022268 	0.018549 	0.022858 	0.017727 	0.033743 	0.037766 	0.017269 	0.022534 	0.012853 	0.013311 	0.028548 	0.030589 	0.034004 	0.029532 	0.027436 	0.026385 	0.018631 	0.018201 	0.021650 	0.019597 	
0.082755 	0.039589 	0.005187 	0.001263 	0.007843 	0.002937 	0.008087 	0.003181 	0.063127 	0.030752 	0.054704 	0.013499 	0.022259 	0.005581 	0.074150 	0.036870 	0.005097 	0.002153 	0.082499 	0.056011 	0.035119 	0.009611 	0.004726 	0.002764 	0.011878 	0.011878 	0.005727 	0.002784 	0.007048 	0.006067 	0.029854 	0.013176 	0.035672 	0.016051 	0.077353 	0.031243 	0.034075 	0.014454 	0.040223 	0.012753 	
0.082755 	0.039589 	0.005187 	0.001263 	0.007843 	0.002937 	0.008087 	0.003181 	0.063127 	0.030752 	0.054704 	0.013499 	0.022259 	0.005581 	0.074150 	0.036870 	0.005097 	0.002153 	0.082499 	0.056011 	0.035119 	0.009611 	0.004726 	0.002764 	0.011878 	0.011878 	0.005727 	0.002784 	0.007048 	0.006067 	0.029854 	0.013176 	0.035672 	0.016051 	0.077353 	0.031243 	0.034075 	0.014454 	0.040223 	0.012753 	
0.082755 	0.039589 	0.005187 	0.001263 	0.007843 	0.002937 	0.008087 	0.003181 	0.063127 	0.030752 	0.054704 	0.013499 	0.022259 	0.005581 	0.074150 	0.036870 	0.005097 	0.002153 	0.082499 	0.056011 	0.035119 	0.009611 	0.004726 	0.002764 	0.011878 	0.011878 	0.005727 	0.002784 	0.007048 	0.006067 	0.029854 	0.013176 	0.035672 	0.016051 	0.077353 	0.031243 	0.034075 	0.014454 	0.040223 	0.012753 	
0.082755 	0.039589 	0.005187 	0.001263 	0.007843 	0.002937 	0.008087 	0.003181 	0.063127 	0.030752 	0.054704 	0.013499 	0.022259 	0.005581 	0.074150 	0.036870 	0.005097 	0.002153 	0.082499 	0.056011 	0.035119 	0.009611 	0.004726 	0.002764 	0.011878 	0.011878 	0.005727 	0.002784 	0.007048 	0.006067 	0.029854 	0.013176 	0.035672 	0.016051 	0.077353 	0.031243 	0.034075 	0.014454 	0.040223 	0.012753 	
0.081925 	0.032244 	0.010791 	0.002511 	0.006071 	0.001931 	0.004086 	0.005359 	0.070746 	0.022339 	0.064783 	0.021471 	0.015643 	0.005771 	0.075436 	0.027348 	0.005949 	0.001809 	0.114178 	0.053033 	0.030717 	0.011609 	0.009400 	0.003668 	0.017328 	0.003634 	0.004643 	0.001458 	0.004347 	0.002436 	0.039620 	0.013187 	0.041143 	0.014073 	0.084931 	0.042893 	0.020783 	0.008044 	0.016904 	0.005758 	
0.082146 	0.032469 	0.010876 	0.002597 	0.005871 	0.001731 	0.003729 	0.005003 	0.071110 	0.022707 	0.065119 	0.021811 	0.015642 	0.005770 	0.075871 	0.027787 	0.005621 	0.001482 	0.114354 	0.053213 	0.030772 	0.011665 	0.009314 	0.003582 	0.017042 	0.003349 	0.004429 	0.001245 	0.003933 	0.002023 	0.039602 	0.013172 	0.041225 	0.014158 	0.085351 	0.043317 	0.020681 	0.007944 	0.016717 	0.005572 	
0.082146 	0.032469 	0.010876 	0.002597 	0.005871 	0.001731 	0.003729 	0.005003 	0.071110 	0.022707 	0.065119 	0.021811 	0.015642 	0.005770 	0.075871 	0.027787 	0.005621 	0.001482 	0.114354 	0.053213 	0.030772 	0.011665 	0.009314 	0.003582 	0.017042 	0.003349 	0.004429 	0.001245 	0.003933 	0.002023 	0.039602 	0.013172 	0.041225 	0.014158 	0.085351 	0.043317 	0.020681 	0.007944 	0.016717 	0.005572 	
0.082146 	0.032469 	0.010876 	0.002597 	0.005871 	0.001731 	0.003729 	0.005003 	0.071110 	0.022707 	0.065119 	0.021811 	0.015642 	0.005770 	0.075871 	0.027787 	0.005621 	0.001482 	0.114354 	0.053213 	0.030772 	0.011665 	0.009314 	0.003582 	0.017042 	0.003349 	0.004429 	0.001245 	0.003933 	0.002023 	0.039602 	0.013172 	0.041225 	0.014158 	0.085351 	0.043317 	0.020681 	0.007944 	0.016717 	0.005572 	
0.082146 	0.032469 	0.010876 	0.002597 	0.005871 	0.001731 	0.003729 	0.005003 	0.071110 	0.022707 	0.065119 	0.021811 	0.015642 	0.005770 	0.075871 	0.027787 	0.005621 	0.001482 	0.114354 	0.053213 	0.030772 	0.011665 	0.009314 	0.003582 	0.017042 	0.003349 	0.004429 	0.001245 	0.003933 	0.002023 	0.039602 	0.013172 	0.041225 	0.014158 	0.085351 	0.043317 	0.020681 	0.007944 	0.016717 	0.005572 	
0.082146 	0.032469 	0.010876 	0.002597 	0.005871 	0.001731 	0.003729 	0.005003 	0.071110 	0.022707 	0.065119 	0.021811 	0.015642 	0.005770 	0.075871 	0.027787 	0.005621 	0.001482 	0.114354 	0.053213 	0.030772 	0.011665 	0.009314 	0.003582 	0.017042 	0.003349 	0.004429 	0.001245 	0.003933 	0.002023 	0.039602 	0.013172 	0.041225 	0.014158 	0.085351 	0.043317 	0.020681 	0.007944 	0.016717 	0.005572 	
0.082146 	0.032469 	0.010876 	0.002597 	0.005871 	0.001731 	0.003729 	0.005003 	0.071110 	0.022707 	0.065119 	0.021811 	0.015642 	0.005770 	0.075871 	0.027787 	0.005621 	0.001482 	0.114354 	0.053213 	0.030772 	0.011665 	0.009314 	0.003582 	0.017042 	0.003349 	0.004429 	0.001245 	0.003933 	0.002023 	0.039602 	0.013172 	0.041225 	0.014158 	0.085351 	0.043317 	0.020681 	0.007944 	0.016717 	0.005572 	
0.082146 	0.032469 	0.010876 	0.002597 	0.005871 	0.001731 	0.003729 	0.005003 	0.071110 	0.022707 	0.065119 	0.021811 	0.015642 	0.005770 	0.075871 	0.027787 	0.005621 	0.001482 	0.114354 	0.053213 	0.030772 	0.011665 	0.009314 	0.003582 	0.017042 	0.003349 	0.004429 	0.001245 	0.003933 	0.002023 	0.039602 	0.013172 	0.041225 	0.014158 	0.085351 	0.043317 	0.020681 	0.007944 	0.016717 	0.005572 	
0.082146 	0.032469 	0.010876 	0.002597 	0.005871 	0.001731 	0.003729 	0.005003 	0.071110 	0.022707 	0.065119 	0.021811 	0.015642 	0.005770 	0.075871 	0.027787 	0.005621 	0.001482 	0.114354 	0.053213 	0.030772 	0.011665 	0.009314 	0.003582 	0.017042 	0.003349 	0.004429 	0.001245 	0.003933 	0.002023 	0.039602 	0.013172 	0.041225 	0.014158 	0.085351 	0.043317 	0.020681 	0.007944 	0.016717 	0.005572 	
0.082146 	0.032469 	0.010876 	0.002597 	0.005871 	0.001731 	0.003729 	0.005003 	0.071110 	0.022707 	0.065119 	0.021811 	0.015642 	0.005770 	0.075871 	0.027787 	0.005621 	0.001482 	0.114354 	0.053213 	0.030772 	0.011665 	0.009314 	0.003582 	0.017042 	0.003349 	0.004429 	0.001245 	0.003933 	0.002023 	0.039602 	0.013172 	0.041225 	0.014158 	0.085351 	0.043317 	0.020681 	0.007944 	0.016717 	0.005572 	
0.082146 	0.032469 	0.010876 	0.002597 	0.005871 	0.001731 	0.003729 	0.005003 	0.071110 	0.022707 	0.065119 	0.021811 	0.015642 	0.005770 	0.075871 	0.027787 	0.005621 	0.001482 	0.114354 	0.053213 	0.030772 	0.011665 	0.009314 	0.003582 	0.017042 	0.003349 	0.004429 	0.001245 	0.003933 	0.002023 	0.039602 	0.013172 	0.041225 	0.014158 	0.085351 	0.043317 	0.020681 	0.007944 	0.016717 	0.005572 	
0.082146 	0.032469 	0.010876 	0.002597 	0.005871 	0.001731 	0.003729 	0.005003 	0.071110 	0.022707 	0.065119 	0.021811 	0.015642 	0.005770 	0.075871 	0.027787 	0.005621 	0.001482 	0.114354 	0.053213 	0.030772 	0.011665 	0.009314 	0.003582 	0.017042 	0.003349 	0.004429 	0.001245 	0.003933 	0.002023 	0.039602 	0.013172 	0.041225 	0.014158 	0.085351 	0.043317 	0.020681 	0.007944 	0.016717 	0.005572 	
0.082146 	0.032469 	0.010876 	0.002597 	0.005871 	0.001731 	0.003729 	0.005003 	0.071110 	0.022707 	0.065119 	0.021811 	0.015642 	0.005770 	0.075871 	0.027787 	0.005621 	0.001482 	0.114354 	0.053213 	0.030772 	0.011665 	0.009314 	0.003582 	0.017042 	0.003349 	0.004429 	0.001245 	0.003933 	0.002023 	0.039602 	0.013172 	0.041225 	0.014158 	0.085351 	0.043317 	0.020681 	0.007944 	0.016717 	0.005572 	
0.082146 	0.032469 	0.010876 	0.002597 	0.005871 	0.001731 	0.003729 	0.005003 	0.071110 	0.022707 	0.065119 	0.021811 	0.015642 	0.005770 	0.075871 	0.027787 	0.005621 	0.001482 	0.114354 	0.053213 	0.030772 	0.011665 	0.009314 	0.003582 	0.017042 	0.003349 	0.004429 	0.001245 	0.003933 	0.002023 	0.039602 	0.013172 	0.041225 	0.014158 	0.085351 	0.043317 	0.020681 	0.007944 	0.016717 	0.005572 	
0.082146 	0.032469 	0.010876 	0.002597 	0.005871 	0.001731 	0.003729 	0.005003 	0.071110 	0.022707 	0.065119 	0.021811 	0.015642 	0.005770 	0.075871 	0.027787 	0.005621 	0.001482 	0.114354 	0.053213 	0.030772 	0.011665 	0.009314 	0.003582 	0.017042 	0.003349 	0.004429 	0.001245 	0.003933 	0.002023 	0.039602 	0.013172 	0.041225 	0.014158 	0.085351 	0.043317 	0.020681 	0.007944 	0.016717 	0.005572 	
0.082146 	0.032469 	0.010876 	0.002597 	0.005871 	0.001731 	0.003729 	0.005003 	0.071110 	0.022707 	0.065119 	0.021811 	0.015642 	0.005770 	0.075871 	0.027787 	0.005621 	0.001482 	0.114354 	0.053213 	0.030772 	0.011665 	0.009314 	0.003582 	0.017042 	0.003349 	0.004429 	0.001245 	0.003933 	0.002023 	0.039602 	0.013172 	0.041225 	0.014158 	0.085351 	0.043317 	0.020681 	0.007944 	0.016717 	0.005572 	
0.082146 	0.032469 	0.010876 	0.002597 	0.005871 	0.001731 	0.003729 	0.005003 	0.071110 	0.022707 	0.065119 	0.021811 	0.015642 	0.005770 	0.075871 	0.027787 	0.005621 	0.001482 	0.114354 	0.053213 	0.030772 	0.011665 	0.009314 	0.003582 	0.017042 	0.003349 	0.004429 	0.001245 	0.003933 	0.002023 	0.039602 	0.013172 	0.041225 	0.014158 	0.085351 	0.043317 	0.020681 	0.007944 	0.016717 	0.005572 	
0.082146 	0.032469 	0.010876 	0.002597 	0.005871 	0.001731 	0.003729 	0.005003 	0.071110 	0.022707 	0.065119 	0.021811 	0.015642 	0.005770 	0.075871 	0.027787 	0.005621 	0.001482 	0.114354 	0.053213 	0.030772 	0.011665 	0.009314 	0.003582 	0.017042 	0.003349 	0.004429 	0.001245 	0.003933 	0.002023 	0.039602 	0.013172 	0.041225 	0.014158 	0.085351 	0.043317 	0.020681 	0.007944 	0.016717 	0.005572 	
0.082146 	0.032469 	0.010876 	0.002597 	0.005871 	0.001731 	0.003729 	0.005003 	0.071110 	0.022707 	0.065119 	0.021811 	0.015642 	0.005770 	0.075871 	0.027787 	0.005621 	0.001482 	0.114354 	0.053213 	0.030772 	0.011665 	0.009314 	0.003582 	0.017042 	0.003349 	0.004429 	0.001245 	0.003933 	0.002023 	0.039602 	0.013172 	0.041225 	0.014158 	0.085351 	0.043317 	0.020681 	0.007944 	0.016717 	0.005572 	
0.082146 	0.032469 	0.010876 	0.002597 	0.005871 	0.001731 	0.003729 	0.005003 	0.071110 	0.022707 	0.065119 	0.021811 	0.015642 	0.005770 	0.075871 	0.027787 	0.005621 	0.001482 	0.114354 	0.053213 	0.030772 	0.011665 	0.009314 	0.003582 	0.017042 	0.003349 	0.004429 	0.001245 	0.003933 	0.002023 	0.039602 	0.013172 	0.041225 	0.014158 	0.085351 	0.043317 	0.020681 	0.007944 	0.016717 	0.005572 	
0.082146 	0.032469 	0.010876 	0.002597 	0.005871 	0.001731 	0.003729 	0.005003 	0.071110 	0.022707 	0.065119 	0.021811 	0.015642 	0.005770 	0.075871 	0.027787 	0.005621 	0.001482 	0.114354 	0.053213 	0.030772 	0.011665 	0.009314 	0.003582 	0.017042 	0.003349 	0.004429 	0.001245 	0.003933 	0.002023 	0.039602 	0.013172 	0.041225 	0.014158 	0.085351 	0.043317 	0.020681 	0.007944 	0.016717 	0.005572 	
0.082146 	0.032469 	0.010876 	0.002597 	0.005871 	0.001731 	0.003729 	0.005003 	0.071110 	0.022707 	0.065119 	0.021811 	0.015642 	0.005770 	0.075871 	0.027787 	0.005621 	0.001482 	0.114354 	0.053213 	0.030772 	0.011665 	0.009314 	0.003582 	0.017042 	0.003349 	0.004429 	0.001245 	0.003933 	0.002023 	0.039602 	0.013172 	0.041225 	0.014158 	0.085351 	0.043317 	0.020681 	0.007944 	0.016717 	0.005572 	
0.082146 	0.032469 	0.010876 	0.002597 	0.005871 	0.001731 	0.003729 	0.005003 	0.071110 	0.022707 	0.065119 	0.021811 	0.015642 	0.005770 	0.075871 	0.027787 	0.005621 	0.001482 	0.114354 	0.053213 	0.030772 	0.011665 	0.009314 	0.003582 	0.017042 	0.003349 	0.004429 	0.001245 	0.003933 	0.002023 	0.039602 	0.013172 	0.041225 	0.014158 	0.085351 	0.043317 	0.020681 	0.007944 	0.016717 	0.005572 	
0.082146 	0.032469 	0.010876 	0.002597 	0.005871 	0.001731 	0.003729 	0.005003 	0.071110 	0.022707 	0.065119 	0.021811 	0.015642 	0.005770 	0.075871 	0.027787 	0.005621 	0.001482 	0.114354 	0.053213 	0.030772 	0.011665 	0.009314 	0.003582 	0.017042 	0.003349 	0.004429 	0.001245 	0.003933 	0.002023 	0.039602 	0.013172 	0.041225 	0.014158 	0.085351 	0.043317 	0.020681 	0.007944 	0.016717 	0.005572 	
0.082146 	0.032469 	0.010876 	0.002597 	0.005871 	0.001731 	0.003729 	0.005003 	0.071110 	0.022707 	0.065119 	0.021811 	0.015642 	0.005770 	0.075871 	0.027787 	0.005621 	0.001482 	0.114354 	0.053213 	0.030772 	0.011665 	0.009314 	0.003582 	0.017042 	0.003349 	0.004429 	0.001245 	0.003933 	0.002023 	0.039602 	0.013172 	0.041225 	0.014158 	0.085351 	0.043317 	0.020681 	0.007944 	0.016717 	0.005572 	
0.082146 	0.032469 	0.010876 	0.002597 	0.005871 	0.001731 	0.003729 	0.005003 	0.071110 	0.022707 	0.065119 	0.021811 	0.015642 	0.005770 	0.075871 	0.027787 	0.005621 	0.001482 	0.114354 	0.053213 	0.030772 	0.011665 	0.009314 	0.003582 	0.017042 	0.003349 	0.004429 	0.001245 	0.003933 	0.002023 	0.039602 	0.013172 	0.041225 	0.014158 	0.085351 	0.043317 	0.020681 	0.007944 	0.016717 	0.005572 	
0.081925 	0.032244 	0.010791 	0.002511 	0.006071 	0.001931 	0.004086 	0.005359 	0.070746 	0.022339 	0.064783 	0.021471 	0.015643 	0.005771 	0.075436 	0.027348 	0.005949 	0.001809 	0.114178 	0.053033 	0.030717 	0.011609 	0.009400 	0.003668 	0.017328 	0.003634 	0.004643 	0.001458 	0.004347 	0.002436 	0.039620 	0.013187 	0.041143 	0.014073 	0.084931 	0.042893 	0.020783 	0.008044 	0.016904 	0.005758 	
0.055285 	0.034683 	0.005187 	0.001263 	0.006862 	0.002937 	0.005144 	0.008087 	0.061165 	0.028790 	0.055685 	0.019386 	0.019315 	0.006562 	0.066302 	0.034908 	0.011964 	0.008040 	0.110950 	0.067783 	0.034138 	0.009611 	0.010612 	0.004726 	0.019727 	0.005992 	0.006708 	0.004746 	0.017840 	0.008029 	0.030835 	0.014157 	0.026842 	0.016051 	0.058713 	0.023394 	0.026227 	0.023284 	0.036299 	0.011772 	
0.055285 	0.034683 	0.005187 	0.001263 	0.006862 	0.002937 	0.005144 	0.008087 	0.061165 	0.028790 	0.055685 	0.019386 	0.019315 	0.006562 	0.066302 	0.034908 	0.011964 	0.008040 	0.110950 	0.067783 	0.034138 	0.009611 	0.010612 	0.004726 	0.019727 	0.005992 	0.006708 	0.004746 	0.017840 	0.008029 	0.030835 	0.014157 	0.026842 	0.016051 	0.058713 	0.023394 	0.026227 	0.023284 	0.036299 	0.011772 	
0.055285 	0.034683 	0.005187 	0.001263 	0.006862 	0.002937 	0.005144 	0.008087 	0.061165 	0.028790 	0.055685 	0.019386 	0.019315 	0.006562 	0.066302 	0.034908 	0.011964 	0.008040 	0.110950 	0.067783 	0.034138 	0.009611 	0.010612 	0.004726 	0.019727 	0.005992 	0.006708 	0.004746 	0.017840 	0.008029 	0.030835 	0.014157 	0.026842 	0.016051 	0.058713 	0.023394 	0.026227 	0.023284 	0.036299 	0.011772 	
0.055285 	0.034683 	0.005187 	0.001263 	0.006862 	0.002937 	0.005144 	0.008087 	0.061165 	0.028790 	0.055685 	0.019386 	0.019315 	0.006562 	0.066302 	0.034908 	0.011964 	0.008040 	0.110950 	0.067783 	0.034138 	0.009611 	0.010612 	0.004726 	0.019727 	0.005992 	0.006708 	0.004746 	0.017840 	0.008029 	0.030835 	0.014157 	0.026842 	0.016051 	0.058713 	0.023394 	0.026227 	0.023284 	0.036299 	0.011772 	
0.036159 	0.042602 	0.002685 	0.001871 	0.016914 	0.024378 	0.021217 	0.026726 	0.019647 	0.024652 	0.038528 	0.035427 	0.016935 	0.016766 	0.019588 	0.033841 	0.028547 	0.040560 	0.037033 	0.042403 	0.020845 	0.018613 	0.019774 	0.024653 	0.023246 	0.025669 	0.017764 	0.018820 	0.035015 	0.037249 	0.036348 	0.029598 	0.031329 	0.028950 	0.025087 	0.023664 	0.010497 	0.013694 	0.013173 	0.019531 	
0.036159 	0.042602 	0.002685 	0.001871 	0.016914 	0.024378 	0.021217 	0.026726 	0.019647 	0.024652 	0.038528 	0.035427 	0.016935 	0.016766 	0.019588 	0.033841 	0.028547 	0.040560 	0.037033 	0.042403 	0.020845 	0.018613 	0.019774 	0.024653 	0.023246 	0.025669 	0.017764 	0.018820 	0.035015 	0.037249 	0.036348 	0.029598 	0.031329 	0.028950 	0.025087 	0.023664 	0.010497 	0.013694 	0.013173 	0.019531 	
0.036159 	0.042602 	0.002685 	0.001871 	0.016914 	0.024378 	0.021217 	0.026726 	0.019647 	0.024652 	0.038528 	0.035427 	0.016935 	0.016766 	0.019588 	0.033841 	0.028547 	0.040560 	0.037033 	0.042403 	0.020845 	0.018613 	0.019774 	0.024653 	0.023246 	0.025669 	0.017764 	0.018820 	0.035015 	0.037249 	0.036348 	0.029598 	0.031329 	0.028950 	0.025087 	0.023664 	0.010497 	0.013694 	0.013173 	0.019531 	
0.036159 	0.042602 	0.002685 	0.001871 	0.016914 	0.024378 	0.021217 	0.026726 	0.019647 	0.024652 	0.038528 	0.035427 	0.016935 	0.016766 	0.019588 	0.033841 	0.028547 	0.040560 	0.037033 	0.042403 	0.020845 	0.018613 	0.019774 	0.024653 	0.023246 	0.025669 	0.017764 	0.018820 	0.035015 	0.037249 	0.036348 	0.029598 	0.031329 	0.028950 	0.025087 	0.023664 	0.010497 	0.013694 	0.013173 	0.019531 	
0.036159 	0.042602 	0.002685 	0.001871 	0.016914 	0.024378 	0.021217 	0.026726 	0.019647 	0.024652 	0.038528 	0.035427 	0.016935 	0.016766 	0.019588 	0.033841 	0.028547 	0.040560 	0.037033 	0.042403 	0.020845 	0.018613 	0.019774 	0.024653 	0.023246 	0.025669 	0.017764 	0.018820 	0.035015 	0.037249 	0.036348 	0.029598 	0.031329 	0.028950 	0.025087 	0.023664 	0.010497 	0.013694 	0.013173 	0.019531 	
0.036159 	0.042602 	0.002685 	0.001871 	0.016914 	0.024378 	0.021217 	0.026726 	0.019647 	0.024652 	0.038528 	0.035427 	0.016935 	0.016766 	0.019588 	0.033841 	0.028547 	0.040560 	0.037033 	0.042403 	0.020845 	0.018613 	0.019774 	0.024653 	0.023246 	0.025669 	0.017764 	0.018820 	0.035015 	0.037249 	0.036348 	0.029598 	0.031329 	0.028950 	0.025087 	0.023664 	0.010497 	0.013694 	0.013173 	0.019531 	
0.036159 	0.042602 	0.002685 	0.001871 	0.016914 	0.024378 	0.021217 	0.026726 	0.019647 	0.024652 	0.038528 	0.035427 	0.016935 	0.016766 	0.019588 	0.033841 	0.028547 	0.040560 	0.037033 	0.042403 	0.020845 	0.018613 	0.019774 	0.024653 	0.023246 	0.025669 	0.017764 	0.018820 	0.035015 	0.037249 	0.036348 	0.029598 	0.031329 	0.028950 	0.025087 	0.023664 	0.010497 	0.013694 	0.013173 	0.019531 	
0.036159 	0.042602 	0.002685 	0.001871 	0.016914 	0.024378 	0.021217 	0.026726 	0.019647 	0.024652 	0.038528 	0.035427 	0.016935 	0.016766 	0.019588 	0.033841 	0.028547 	0.040560 	0.037033 	0.042403 	0.020845 	0.018613 	0.019774 	0.024653 	0.023246 	0.025669 	0.017764 	0.018820 	0.035015 	0.037249 	0.036348 	0.029598 	0.031329 	0.028950 	0.025087 	0.023664 	0.010497 	0.013694 	0.013173 	0.019531 	
0.036159 	0.042602 	0.002685 	0.001871 	0.016914 	0.024378 	0.021217 	0.026726 	0.019647 	0.024652 	0.038528 	0.035427 	0.016935 	0.016766 	0.019588 	0.033841 	0.028547 	0.040560 	0.037033 	0.042403 	0.020845 	0.018613 	0.019774 	0.024653 	0.023246 	0.025669 	0.017764 	0.018820 	0.035015 	0.037249 	0.036348 	0.029598 	0.031329 	0.028950 	0.025087 	0.023664 	0.010497 	0.013694 	0.013173 	0.019531 	
0.036159 	0.042602 	0.002685 	0.001871 	0.016914 	0.024378 	0.021217 	0.026726 	0.019647 	0.024652 	0.038528 	0.035427 	0.016935 	0.016766 	0.019588 	0.033841 	0.028547 	0.040560 	0.037033 	0.042403 	0.020845 	0.018613 	0.019774 	0.024653 	0.023246 	0.025669 	0.017764 	0.018820 	0.035015 	0.037249 	0.036348 	0.029598 	0.031329 	0.028950 	0.025087 	0.023664 	0.010497 	0.013694 	0.013173 	0.019531 	
0.041507 	0.042943 	0.006282 	0.004424 	0.025047 	0.037092 	0.031463 	0.043794 	0.013651 	0.019864 	0.030356 	0.045996 	0.008230 	0.014547 	0.017847 	0.028930 	0.023945 	0.032280 	0.028126 	0.052143 	0.009403 	0.013655 	0.012217 	0.020135 	0.025635 	0.039309 	0.012361 	0.021059 	0.024807 	0.036996 	0.025748 	0.037733 	0.024495 	0.038823 	0.030094 	0.042946 	0.005416 	0.006960 	0.009370 	0.014370 	
0.036159 	0.042602 	0.002685 	0.001871 	0.016914 	0.024378 	0.021217 	0.026726 	0.019647 	0.024652 	0.038528 	0.035427 	0.016935 	0.016766 	0.019588 	0.033841 	0.028547 	0.040560 	0.037033 	0.042403 	0.020845 	0.018613 	0.019774 	0.024653 	0.023246 	0.025669 	0.017764 	0.018820 	0.035015 	0.037249 	0.036348 	0.029598 	0.031329 	0.028950 	0.025087 	0.023664 	0.010497 	0.013694 	0.013173 	0.019531 	
0.036159 	0.042602 	0.002685 	0.001871 	0.016914 	0.024378 	0.021217 	0.026726 	0.019647 	0.024652 	0.038528 	0.035427 	0.016935 	0.016766 	0.019588 	0.033841 	0.028547 	0.040560 	0.037033 	0.042403 	0.020845 	0.018613 	0.019774 	0.024653 	0.023246 	0.025669 	0.017764 	0.018820 	0.035015 	0.037249 	0.036348 	0.029598 	0.031329 	0.028950 	0.025087 	0.023664 	0.010497 	0.013694 	0.013173 	0.019531 	
0.036159 	0.042602 	0.002685 	0.001871 	0.016914 	0.024378 	0.021217 	0.026726 	0.019647 	0.024652 	0.038528 	0.035427 	0.016935 	0.016766 	0.019588 	0.033841 	0.028547 	0.040560 	0.037033 	0.042403 	0.020845 	0.018613 	0.019774 	0.024653 	0.023246 	0.025669 	0.017764 	0.018820 	0.035015 	0.037249 	0.036348 	0.029598 	0.031329 	0.028950 	0.025087 	0.023664 	0.010497 	0.013694 	0.013173 	0.019531 	
0.036159 	0.042602 	0.002685 	0.001871 	0.016914 	0.024378 	0.021217 	0.026726 	0.019647 	0.024652 	0.038528 	0.035427 	0.016935 	0.016766 	0.019588 	0.033841 	0.028547 	0.040560 	0.037033 	0.042403 	0.020845 	0.018613 	0.019774 	0.024653 	0.023246 	0.025669 	0.017764 	0.018820 	0.035015 	0.037249 	0.036348 	0.029598 	0.031329 	0.028950 	0.025087 	0.023664 	0.010497 	0.013694 	0.013173 	0.019531 	
0.036159 	0.042602 	0.002685 	0.001871 	0.016914 	0.024378 	0.021217 	0.026726 	0.019647 	0.024652 	0.038528 	0.035427 	0.016935 	0.016766 	0.019588 	0.033841 	0.028547 	0.040560 	0.037033 	0.042403 	0.020845 	0.018613 	0.019774 	0.024653 	0.023246 	0.025669 	0.017764 	0.018820 	0.035015 	0.037249 	0.036348 	0.029598 	0.031329 	0.028950 	0.025087 	0.023664 	0.010497 	0.013694 	0.013173 	0.019531 	
0.036159 	0.042602 	0.002685 	0.001871 	0.016914 	0.024378 	0.021217 	0.026726 	0.019647 	0.024652 	0.038528 	0.035427 	0.016935 	0.016766 	0.019588 	0.033841 	0.028547 	0.040560 	0.037033 	0.042403 	0.020845 	0.018613 	0.019774 	0.024653 	0.023246 	0.025669 	0.017764 	0.018820 	0.035015 	0.037249 	0.036348 	0.029598 	0.031329 	0.028950 	0.025087 	0.023664 	0.010497 	0.013694 	0.013173 	0.019531 	
0.036159 	0.042602 	0.002685 	0.001871 	0.016914 	0.024378 	0.021217 	0.026726 	0.019647 	0.024652 	0.038528 	0.035427 	0.016935 	0.016766 	0.019588 	0.033841 	0.028547 	0.040560 	0.037033 	0.042403 	0.020845 	0.018613 	0.019774 	0.024653 	0.023246 	0.025669 	0.017764 	0.018820 	0.035015 	0.037249 	0.036348 	0.029598 	0.031329 	0.028950 	0.025087 	0.023664 	0.010497 	0.013694 	0.013173 	0.019531 	
0.036159 	0.042602 	0.002685 	0.001871 	0.016914 	0.024378 	0.021217 	0.026726 	0.019647 	0.024652 	0.038528 	0.035427 	0.016935 	0.016766 	0.019588 	0.033841 	0.028547 	0.040560 	0.037033 	0.042403 	0.020845 	0.018613 	0.019774 	0.024653 	0.023246 	0.025669 	0.017764 	0.018820 	0.035015 	0.037249 	0.036348 	0.029598 	0.031329 	0.028950 	0.025087 	0.023664 	0.010497 	0.013694 	0.013173 	0.019531 	
0.036159 	0.042602 	0.002685 	0.001871 	0.016914 	0.024378 	0.021217 	0.026726 	0.019647 	0.024652 	0.038528 	0.035427 	0.016935 	0.016766 	0.019588 	0.033841 	0.028547 	0.040560 	0.037033 	0.042403 	0.020845 	0.018613 	0.019774 	0.024653 	0.023246 	0.025669 	0.017764 	0.018820 	0.035015 	0.037249 	0.036348 	0.029598 	0.031329 	0.028950 	0.025087 	0.023664 	0.010497 	0.013694 	0.013173 	0.019531 	
0.036159 	0.042602 	0.002685 	0.001871 	0.016914 	0.024378 	0.021217 	0.026726 	0.019647 	0.024652 	0.038528 	0.035427 	0.016935 	0.016766 	0.019588 	0.033841 	0.028547 	0.040560 	0.037033 	0.042403 	0.020845 	0.018613 	0.019774 	0.024653 	0.023246 	0.025669 	0.017764 	0.018820 	0.035015 	0.037249 	0.036348 	0.029598 	0.031329 	0.028950 	0.025087 	0.023664 	0.010497 	0.013694 	0.013173 	0.019531 	
0.000000 	0.000000 	0.000000 	0.000000 	0.000000 	0.000000 	0.000000 	0.000000 	0.000000 	0.000000 	0.000000 	0.000000 	0.000000 	0.000000 	0.000000 	0.000000 	0.000000 	0.000000 	0.000000 	0.000000 	0.000000 	0.000000 	0.000000 	0.000000 	0.000000 	0.000000 	0.000000 	0.000000 	0.000000 	0.000000 	0.000000 	0.000000 	0.000000 	0.000000 	0.000000 	0.000000 	0.000000 	0.000000 	0.000000 	0.000000 	
