0	0	0	0	0	0	0	0	0	0	0	0	0	0	0	0	0	0	0	0
0.077	0.018	0.058	0.066	0.04	0.072	0.024	0.056	0.063	0.086	0.022	0.046	0.046	0.04	0.049	0.062	0.057	0.068	0.015	0.035
0.063	0.008	0.049	0.047	0.047	0.095	0.027	0.047	0.063	0.082	0.028	0.049	0.072	0.032	0.078	0.063	0.058	0.045	0.02	0.026
0.063	0.008	0.049	0.047	0.047	0.095	0.027	0.047	0.063	0.082	0.028	0.049	0.072	0.032	0.078	0.063	0.058	0.045	0.02	0.026
0.063	0.008	0.049	0.047	0.047	0.095	0.027	0.047	0.063	0.082	0.028	0.049	0.072	0.032	0.078	0.063	0.058	0.045	0.02	0.026
0.063	0.008	0.049	0.047	0.047	0.095	0.027	0.047	0.063	0.082	0.028	0.049	0.072	0.032	0.078	0.063	0.058	0.045	0.02	0.026
0.063	0.008	0.049	0.047	0.047	0.095	0.027	0.047	0.063	0.082	0.028	0.049	0.072	0.032	0.078	0.063	0.058	0.045	0.02	0.026
0.063	0.008	0.049	0.047	0.047	0.095	0.027	0.047	0.063	0.082	0.028	0.049	0.072	0.032	0.078	0.063	0.058	0.045	0.02	0.026
0.063	0.008	0.049	0.047	0.047	0.095	0.027	0.047	0.063	0.082	0.028	0.049	0.072	0.032	0.078	0.063	0.058	0.045	0.02	0.026
0.063	0.008	0.049	0.047	0.047	0.095	0.027	0.047	0.063	0.082	0.028	0.049	0.072	0.032	0.078	0.063	0.058	0.045	0.02	0.026
0.063	0.008	0.049	0.047	0.047	0.095	0.027	0.047	0.063	0.082	0.028	0.049	0.072	0.032	0.078	0.063	0.058	0.045	0.02	0.026
0.063	0.008	0.049	0.047	0.047	0.095	0.027	0.047	0.063	0.082	0.028	0.049	0.072	0.032	0.078	0.063	0.058	0.045	0.02	0.026
0.103	0.006	0.024	0.035	0.062	0.066	0.029	0.066	0.034	0.147	0.038	0.021	0.041	0.027	0.044	0.051	0.05	0.075	0.039	0.042
0.103	0.006	0.024	0.035	0.062	0.066	0.029	0.066	0.034	0.147	0.038	0.021	0.041	0.027	0.044	0.051	0.05	0.075	0.039	0.042
0.103	0.006	0.024	0.035	0.062	0.066	0.029	0.066	0.034	0.147	0.038	0.021	0.041	0.027	0.044	0.051	0.05	0.075	0.039	0.042
0.103	0.006	0.024	0.035	0.062	0.066	0.029	0.066	0.034	0.147	0.038	0.021	0.041	0.027	0.044	0.051	0.05	0.075	0.039	0.042
0.103	0.006	0.024	0.035	0.062	0.066	0.029	0.066	0.034	0.147	0.038	0.021	0.041	0.027	0.044	0.051	0.05	0.075	0.039	0.042
0.119	0.012	0.01	0.01	0.088	0.09	0.029	0.097	0.011	0.16	0.042	0.015	0.021	0.012	0.015	0.05	0.056	0.105	0.032	0.029
0.119	0.012	0.01	0.01	0.088	0.09	0.029	0.097	0.011	0.16	0.042	0.015	0.021	0.012	0.015	0.05	0.056	0.105	0.032	0.029
0.119	0.012	0.01	0.01	0.088	0.09	0.029	0.097	0.011	0.16	0.042	0.015	0.021	0.012	0.015	0.05	0.056	0.105	0.032	0.029
0.119	0.012	0.01	0.01	0.088	0.09	0.029	0.097	0.011	0.16	0.042	0.015	0.021	0.012	0.015	0.05	0.056	0.105	0.032	0.029
0.119	0.012	0.01	0.01	0.088	0.09	0.029	0.097	0.011	0.16	0.042	0.015	0.021	0.012	0.015	0.05	0.056	0.105	0.032	0.029
0.119	0.012	0.01	0.01	0.088	0.09	0.029	0.097	0.011	0.16	0.042	0.015	0.021	0.012	0.015	0.05	0.056	0.105	0.032	0.029
0.119	0.012	0.01	0.01	0.088	0.09	0.029	0.097	0.011	0.16	0.042	0.015	0.021	0.012	0.015	0.05	0.056	0.105	0.032	0.029
0.119	0.012	0.01	0.01	0.088	0.09	0.029	0.097	0.011	0.16	0.042	0.015	0.021	0.012	0.015	0.05	0.056	0.105	0.032	0.029
0.119	0.012	0.01	0.01	0.088	0.09	0.029	0.097	0.011	0.16	0.042	0.015	0.021	0.012	0.015	0.05	0.056	0.105	0.032	0.029
0.119	0.012	0.01	0.01	0.088	0.09	0.029	0.097	0.011	0.16	0.042	0.015	0.021	0.012	0.015	0.05	0.056	0.105	0.032	0.029
0.119	0.012	0.01	0.01	0.088	0.09	0.029	0.097	0.011	0.16	0.042	0.015	0.021	0.012	0.015	0.05	0.056	0.105	0.032	0.029
0.119	0.012	0.01	0.01	0.088	0.09	0.029	0.097	0.011	0.16	0.042	0.015	0.021	0.012	0.015	0.05	0.056	0.105	0.032	0.029
0.119	0.012	0.01	0.01	0.088	0.09	0.029	0.097	0.011	0.16	0.042	0.015	0.021	0.012	0.015	0.05	0.056	0.105	0.032	0.029
0.119	0.012	0.01	0.01	0.088	0.09	0.029	0.097	0.011	0.16	0.042	0.015	0.021	0.012	0.015	0.05	0.056	0.105	0.032	0.029
0.119	0.012	0.01	0.01	0.088	0.09	0.029	0.097	0.011	0.16	0.042	0.015	0.021	0.012	0.015	0.05	0.056	0.105	0.032	0.029
0.119	0.012	0.01	0.01	0.088	0.09	0.029	0.097	0.011	0.16	0.042	0.015	0.021	0.012	0.015	0.05	0.056	0.105	0.032	0.029
0.119	0.012	0.01	0.01	0.088	0.09	0.029	0.097	0.011	0.16	0.042	0.015	0.021	0.012	0.015	0.05	0.056	0.105	0.032	0.029
0.119	0.012	0.01	0.01	0.088	0.09	0.029	0.097	0.011	0.16	0.042	0.015	0.021	0.012	0.015	0.05	0.056	0.105	0.032	0.029
0.119	0.012	0.01	0.01	0.088	0.09	0.029	0.097	0.011	0.16	0.042	0.015	0.021	0.012	0.015	0.05	0.056	0.105	0.032	0.029
0.119	0.012	0.01	0.01	0.088	0.09	0.029	0.097	0.011	0.16	0.042	0.015	0.021	0.012	0.015	0.05	0.056	0.105	0.032	0.029
0.119	0.012	0.01	0.01	0.088	0.09	0.029	0.097	0.011	0.16	0.042	0.015	0.021	0.012	0.015	0.05	0.056	0.105	0.032	0.029
0.119	0.012	0.01	0.01	0.088	0.09	0.029	0.097	0.011	0.16	0.042	0.015	0.021	0.012	0.015	0.05	0.056	0.105	0.032	0.029
0.119	0.012	0.01	0.01	0.088	0.09	0.029	0.097	0.011	0.16	0.042	0.015	0.021	0.012	0.015	0.05	0.056	0.105	0.032	0.029
0.119	0.012	0.01	0.01	0.088	0.09	0.029	0.097	0.011	0.16	0.042	0.015	0.021	0.012	0.015	0.05	0.056	0.105	0.032	0.029
0.119	0.012	0.01	0.01	0.088	0.09	0.029	0.097	0.011	0.16	0.042	0.015	0.021	0.012	0.015	0.05	0.056	0.105	0.032	0.029
0.103	0.006	0.024	0.035	0.062	0.066	0.029	0.066	0.034	0.147	0.038	0.021	0.041	0.027	0.044	0.051	0.05	0.075	0.039	0.042
0.103	0.006	0.024	0.035	0.062	0.066	0.029	0.066	0.034	0.147	0.038	0.021	0.041	0.027	0.044	0.051	0.05	0.075	0.039	0.042
0.103	0.006	0.024	0.035	0.062	0.066	0.029	0.066	0.034	0.147	0.038	0.021	0.041	0.027	0.044	0.051	0.05	0.075	0.039	0.042
0.103	0.006	0.024	0.035	0.062	0.066	0.029	0.066	0.034	0.147	0.038	0.021	0.041	0.027	0.044	0.051	0.05	0.075	0.039	0.042
0.103	0.006	0.024	0.035	0.062	0.066	0.029	0.066	0.034	0.147	0.038	0.021	0.041	0.027	0.044	0.051	0.05	0.075	0.039	0.042
0.083	0.006	0.053	0.046	0.054	0.111	0.025	0.049	0.022	0.082	0.027	0.041	0.082	0.039	0.03	0.058	0.054	0.06	0.034	0.044
0.083	0.006	0.053	0.046	0.054	0.111	0.025	0.049	0.022	0.082	0.027	0.041	0.082	0.039	0.03	0.058	0.054	0.06	0.034	0.044
0.083	0.006	0.053	0.046	0.054	0.111	0.025	0.049	0.022	0.082	0.027	0.041	0.082	0.039	0.03	0.058	0.054	0.06	0.034	0.044
0.083	0.006	0.053	0.046	0.054	0.111	0.025	0.049	0.022	0.082	0.027	0.041	0.082	0.039	0.03	0.058	0.054	0.06	0.034	0.044
0.083	0.006	0.053	0.046	0.054	0.111	0.025	0.049	0.022	0.082	0.027	0.041	0.082	0.039	0.03	0.058	0.054	0.06	0.034	0.044
0.083	0.006	0.053	0.046	0.054	0.111	0.025	0.049	0.022	0.082	0.027	0.041	0.082	0.039	0.03	0.058	0.054	0.06	0.034	0.044
0.083	0.006	0.053	0.046	0.054	0.111	0.025	0.049	0.022	0.082	0.027	0.041	0.082	0.039	0.03	0.058	0.054	0.06	0.034	0.044
0.083	0.006	0.053	0.046	0.054	0.111	0.025	0.049	0.022	0.082	0.027	0.041	0.082	0.039	0.03	0.058	0.054	0.06	0.034	0.044
0.083	0.006	0.053	0.046	0.054	0.111	0.025	0.049	0.022	0.082	0.027	0.041	0.082	0.039	0.03	0.058	0.054	0.06	0.034	0.044
0.083	0.006	0.053	0.046	0.054	0.111	0.025	0.049	0.022	0.082	0.027	0.041	0.082	0.039	0.03	0.058	0.054	0.06	0.034	0.044
0.077	0.018	0.058	0.066	0.04	0.072	0.024	0.056	0.063	0.086	0.022	0.046	0.046	0.04	0.049	0.062	0.057	0.068	0.015	0.035
0.039	0.007	0.010	0.017	0.040	0.036	0.017	0.042	0.244	0.058	0.022	0.056	0.033	0.033	0.160	0.074	0.061	0.033	0.002	0.015
0.039	0.007	0.010	0.017	0.040	0.036	0.017	0.042	0.244	0.058	0.022	0.056	0.033	0.033	0.160	0.074	0.061	0.033	0.002	0.015
0.039	0.007	0.010	0.017	0.040	0.036	0.017	0.042	0.244	0.058	0.022	0.056	0.033	0.033	0.160	0.074	0.061	0.033	0.002	0.015
0.039	0.007	0.010	0.017	0.040	0.036	0.017	0.042	0.244	0.058	0.022	0.056	0.033	0.033	0.160	0.074	0.061	0.033	0.002	0.015
0.039	0.007	0.010	0.017	0.040	0.036	0.017	0.042	0.244	0.058	0.022	0.056	0.033	0.033	0.160	0.074	0.061	0.033	0.002	0.015
0.183	0.011	0.002	0.000	0.065	0.062	0.001	0.085	0.008	0.230	0.031	0.004	0.015	0.001	0.007	0.076	0.073	0.128	0.008	0.007
0.183	0.011	0.002	0.000	0.065	0.062	0.001	0.085	0.008	0.230	0.031	0.004	0.015	0.001	0.007	0.076	0.073	0.128	0.008	0.007
0.183	0.011	0.002	0.000	0.065	0.062	0.001	0.085	0.008	0.230	0.031	0.004	0.015	0.001	0.007	0.076	0.073	0.128	0.008	0.007
0.183	0.011	0.002	0.000	0.065	0.062	0.001	0.085	0.008	0.230	0.031	0.004	0.015	0.001	0.007	0.076	0.073	0.128	0.008	0.007
0.183	0.011	0.002	0.000	0.065	0.062	0.001	0.085	0.008	0.230	0.031	0.004	0.015	0.001	0.007	0.076	0.073	0.128	0.008	0.007
0.183	0.011	0.002	0.000	0.065	0.062	0.001	0.085	0.008	0.230	0.031	0.004	0.015	0.001	0.007	0.076	0.073	0.128	0.008	0.007
0.183	0.011	0.002	0.000	0.065	0.062	0.001	0.085	0.008	0.230	0.031	0.004	0.015	0.001	0.007	0.076	0.073	0.128	0.008	0.007
0.183	0.011	0.002	0.000	0.065	0.062	0.001	0.085	0.008	0.230	0.031	0.004	0.015	0.001	0.007	0.076	0.073	0.128	0.008	0.007
0.183	0.011	0.002	0.000	0.065	0.062	0.001	0.085	0.008	0.230	0.031	0.004	0.015	0.001	0.007	0.076	0.073	0.128	0.008	0.007
0.183	0.011	0.002	0.000	0.065	0.062	0.001	0.085	0.008	0.230	0.031	0.004	0.015	0.001	0.007	0.076	0.073	0.128	0.008	0.007
0.183	0.011	0.002	0.000	0.065	0.062	0.001	0.085	0.008	0.230	0.031	0.004	0.015	0.001	0.007	0.076	0.073	0.128	0.008	0.007
0.183	0.011	0.002	0.000	0.065	0.062	0.001	0.085	0.008	0.230	0.031	0.004	0.015	0.001	0.007	0.076	0.073	0.128	0.008	0.007
0.183	0.011	0.002	0.000	0.065	0.062	0.001	0.085	0.008	0.230	0.031	0.004	0.015	0.001	0.007	0.076	0.073	0.128	0.008	0.007
0.183	0.011	0.002	0.000	0.065	0.062	0.001	0.085	0.008	0.230	0.031	0.004	0.015	0.001	0.007	0.076	0.073	0.128	0.008	0.007
0.183	0.011	0.002	0.000	0.065	0.062	0.001	0.085	0.008	0.230	0.031	0.004	0.015	0.001	0.007	0.076	0.073	0.128	0.008	0.007
0.183	0.011	0.002	0.000	0.065	0.062	0.001	0.085	0.008	0.230	0.031	0.004	0.015	0.001	0.007	0.076	0.073	0.128	0.008	0.007
0.183	0.011	0.002	0.000	0.065	0.062	0.001	0.085	0.008	0.230	0.031	0.004	0.015	0.001	0.007	0.076	0.073	0.128	0.008	0.007
0.183	0.011	0.002	0.000	0.065	0.062	0.001	0.085	0.008	0.230	0.031	0.004	0.015	0.001	0.007	0.076	0.073	0.128	0.008	0.007
0.183	0.011	0.002	0.000	0.065	0.062	0.001	0.085	0.008	0.230	0.031	0.004	0.015	0.001	0.007	0.076	0.073	0.128	0.008	0.007
0.183	0.011	0.002	0.000	0.065	0.062	0.001	0.085	0.008	0.230	0.031	0.004	0.015	0.001	0.007	0.076	0.073	0.128	0.008	0.007
0.259	0.003	0.020	0.030	0.020	0.088	0.018	0.026	0.031	0.028	0.012	0.046	0.089	0.049	0.012	0.105	0.091	0.059	0.003	0.012
0.259	0.003	0.020	0.030	0.020	0.088	0.018	0.026	0.031	0.028	0.012	0.046	0.089	0.049	0.012	0.105	0.091	0.059	0.003	0.012
0.259	0.003	0.020	0.030	0.020	0.088	0.018	0.026	0.031	0.028	0.012	0.046	0.089	0.049	0.012	0.105	0.091	0.059	0.003	0.012
0.259	0.003	0.020	0.030	0.020	0.088	0.018	0.026	0.031	0.028	0.012	0.046	0.089	0.049	0.012	0.105	0.091	0.059	0.003	0.012
0.259	0.003	0.020	0.030	0.020	0.088	0.018	0.026	0.031	0.028	0.012	0.046	0.089	0.049	0.012	0.105	0.091	0.059	0.003	0.012
0.551	0.000	0.000	0.031	0.008	0.039	0.008	0.031	0.000	0.016	0.000	0.008	0.008	0.000	0.016	0.079	0.008	0.197	0.000	0.000
0.118	0.000	0.024	0.055	0.071	0.071	0.055	0.016	0.094	0.031	0.016	0.039	0.016	0.142	0.008	0.142	0.024	0.024	0.016	0.039
0.827	0.000	0.000	0.008	0.008	0.024	0.008	0.000	0.016	0.000	0.000	0.008	0.000	0.000	0.016	0.039	0.016	0.024	0.000	0.008
0.425	0.000	0.102	0.102	0.016	0.008	0.008	0.031	0.055	0.008	0.000	0.039	0.008	0.047	0.008	0.102	0.008	0.016	0.008	0.008
0.102	0.000	0.087	0.110	0.000	0.079	0.024	0.024	0.024	0.008	0.000	0.039	0.102	0.039	0.008	0.142	0.150	0.063	0.000	0.000
0.102	0.008	0.079	0.047	0.000	0.102	0.000	0.031	0.063	0.039	0.000	0.087	0.087	0.016	0.016	0.118	0.094	0.079	0.000	0.031
0.094	0.016	0.071	0.055	0.031	0.055	0.008	0.031	0.087	0.024	0.008	0.063	0.094	0.024	0.024	0.055	0.150	0.087	0.016	0.008
0.094	0.000	0.094	0.071	0.016	0.071	0.016	0.047	0.063	0.071	0.000	0.110	0.055	0.031	0.000	0.079	0.102	0.024	0.000	0.055
0.077	0.018	0.058	0.066	0.04	0.072	0.024	0.056	0.063	0.086	0.022	0.046	0.046	0.04	0.049	0.062	0.057	0.068	0.015	0.035
0.027	0.006	0.006	0.009	0.041	0.027	0.018	0.041	0.401	0.056	0.009	0.044	0.015	0.024	0.103	0.059	0.050	0.032	0.012	0.021
0.027	0.006	0.006	0.009	0.041	0.027	0.018	0.041	0.401	0.056	0.009	0.044	0.015	0.024	0.103	0.059	0.050	0.032	0.012	0.021
0.027	0.006	0.006	0.009	0.041	0.027	0.018	0.041	0.401	0.056	0.009	0.044	0.015	0.024	0.103	0.059	0.050	0.032	0.012	0.021
0.027	0.006	0.006	0.009	0.041	0.027	0.018	0.041	0.401	0.056	0.009	0.044	0.015	0.024	0.103	0.059	0.050	0.032	0.012	0.021
0.027	0.006	0.006	0.009	0.041	0.027	0.018	0.041	0.401	0.056	0.009	0.044	0.015	0.024	0.103	0.059	0.050	0.032	0.012	0.021
0.178	0.010	0.000	0.000	0.061	0.069	0.004	0.091	0.004	0.286	0.024	0.002	0.019	0.002	0.000	0.071	0.064	0.105	0.005	0.005
0.178	0.010	0.000	0.000	0.061	0.069	0.004	0.091	0.004	0.286	0.024	0.002	0.019	0.002	0.000	0.071	0.064	0.105	0.005	0.005
0.178	0.010	0.000	0.000	0.061	0.069	0.004	0.091	0.004	0.286	0.024	0.002	0.019	0.002	0.000	0.071	0.064	0.105	0.005	0.005
0.178	0.010	0.000	0.000	0.061	0.069	0.004	0.091	0.004	0.286	0.024	0.002	0.019	0.002	0.000	0.071	0.064	0.105	0.005	0.005
0.178	0.010	0.000	0.000	0.061	0.069	0.004	0.091	0.004	0.286	0.024	0.002	0.019	0.002	0.000	0.071	0.064	0.105	0.005	0.005
0.178	0.010	0.000	0.000	0.061	0.069	0.004	0.091	0.004	0.286	0.024	0.002	0.019	0.002	0.000	0.071	0.064	0.105	0.005	0.005
0.178	0.010	0.000	0.000	0.061	0.069	0.004	0.091	0.004	0.286	0.024	0.002	0.019	0.002	0.000	0.071	0.064	0.105	0.005	0.005
0.178	0.010	0.000	0.000	0.061	0.069	0.004	0.091	0.004	0.286	0.024	0.002	0.019	0.002	0.000	0.071	0.064	0.105	0.005	0.005
0.178	0.010	0.000	0.000	0.061	0.069	0.004	0.091	0.004	0.286	0.024	0.002	0.019	0.002	0.000	0.071	0.064	0.105	0.005	0.005
0.178	0.010	0.000	0.000	0.061	0.069	0.004	0.091	0.004	0.286	0.024	0.002	0.019	0.002	0.000	0.071	0.064	0.105	0.005	0.005
0.178	0.010	0.000	0.000	0.061	0.069	0.004	0.091	0.004	0.286	0.024	0.002	0.019	0.002	0.000	0.071	0.064	0.105	0.005	0.005
0.178	0.010	0.000	0.000	0.061	0.069	0.004	0.091	0.004	0.286	0.024	0.002	0.019	0.002	0.000	0.071	0.064	0.105	0.005	0.005
0.178	0.010	0.000	0.000	0.061	0.069	0.004	0.091	0.004	0.286	0.024	0.002	0.019	0.002	0.000	0.071	0.064	0.105	0.005	0.005
0.178	0.010	0.000	0.000	0.061	0.069	0.004	0.091	0.004	0.286	0.024	0.002	0.019	0.002	0.000	0.071	0.064	0.105	0.005	0.005
0.178	0.010	0.000	0.000	0.061	0.069	0.004	0.091	0.004	0.286	0.024	0.002	0.019	0.002	0.000	0.071	0.064	0.105	0.005	0.005
0.178	0.010	0.000	0.000	0.061	0.069	0.004	0.091	0.004	0.286	0.024	0.002	0.019	0.002	0.000	0.071	0.064	0.105	0.005	0.005
0.178	0.010	0.000	0.000	0.061	0.069	0.004	0.091	0.004	0.286	0.024	0.002	0.019	0.002	0.000	0.071	0.064	0.105	0.005	0.005
0.178	0.010	0.000	0.000	0.061	0.069	0.004	0.091	0.004	0.286	0.024	0.002	0.019	0.002	0.000	0.071	0.064	0.105	0.005	0.005
0.178	0.010	0.000	0.000	0.061	0.069	0.004	0.091	0.004	0.286	0.024	0.002	0.019	0.002	0.000	0.071	0.064	0.105	0.005	0.005
0.178	0.010	0.000	0.000	0.061	0.069	0.004	0.091	0.004	0.286	0.024	0.002	0.019	0.002	0.000	0.071	0.064	0.105	0.005	0.005
0.194	0.000	0.000	0.015	0.060	0.015	0.000	0.075	0.000	0.224	0.045	0.000	0.000	0.000	0.000	0.090	0.060	0.224	0.000	0.000
0.090	0.000	0.000	0.000	0.000	0.000	0.000	0.030	0.000	0.627	0.030	0.000	0.000	0.000	0.000	0.015	0.000	0.209	0.000	0.000
0.463	0.000	0.000	0.000	0.000	0.045	0.000	0.030	0.000	0.000	0.015	0.000	0.015	0.000	0.000	0.224	0.119	0.090	0.000	0.000
0.537	0.000	0.000	0.000	0.000	0.373	0.000	0.000	0.000	0.000	0.000	0.000	0.000	0.000	0.000	0.090	0.000	0.000	0.000	0.000
0.000	1.000	0.000	0.000	0.000	0.000	0.000	0.000	0.000	0.000	0.000	0.000	0.000	0.000	0.000	0.000	0.000	0.000	0.000	0.000
0.090	0.000	0.000	0.015	0.000	0.403	0.000	0.000	0.000	0.000	0.000	0.075	0.000	0.030	0.030	0.328	0.015	0.015	0.000	0.000
0.030	0.000	0.030	0.030	0.030	0.045	0.000	0.000	0.090	0.015	0.000	0.209	0.015	0.045	0.000	0.299	0.134	0.030	0.000	0.000
0.060	0.000	0.045	0.045	0.000	0.149	0.015	0.015	0.060	0.030	0.000	0.149	0.030	0.015	0.030	0.239	0.104	0.015	0.000	0.000
0.060	0.000	0.104	0.045	0.015	0.149	0.015	0.000	0.090	0.000	0.000	0.149	0.045	0.090	0.000	0.179	0.015	0.030	0.000	0.015
0.030	0.000	0.045	0.045	0.015	0.045	0.045	0.000	0.104	0.015	0.000	0.134	0.075	0.000	0.015	0.239	0.164	0.015	0.000	0.015
0.077	0.018	0.058	0.066	0.04	0.072	0.024	0.056	0.063	0.086	0.022	0.046	0.046	0.04	0.049	0.062	0.057	0.068	0.015	0.035
0	0	0	0	0	0	0	0	0	0	0	0	0	0	0	0	0	0	0	0
