0.000000 	0.000000 	0.000000 	0.000000 	0.000000 	0.000000 	0.000000 	0.000000 	0.000000 	0.000000 	0.000000 	0.000000 	0.000000 	0.000000 	0.000000 	0.000000 	0.000000 	0.000000 	0.000000 	0.000000 	
0.077000 	0.018000 	0.058000 	0.066000 	0.040000 	0.072000 	0.024000 	0.056000 	0.063000 	0.086000 	0.022000 	0.046000 	0.046000 	0.040000 	0.049000 	0.062000 	0.057000 	0.068000 	0.015000 	0.035000 	
0.069997 	0.002394 	0.031720 	0.047674 	0.054539 	0.059306 	0.019507 	0.042250 	0.101849 	0.088915 	0.028429 	0.051153 	0.047112 	0.043036 	0.113221 	0.066303 	0.057091 	0.029812 	0.017254 	0.028438 	
0.069997 	0.002394 	0.031720 	0.047674 	0.054539 	0.059306 	0.019507 	0.042250 	0.101849 	0.088915 	0.028429 	0.051153 	0.047112 	0.043036 	0.113221 	0.066303 	0.057091 	0.029812 	0.017254 	0.028438 	
0.069997 	0.002394 	0.031720 	0.047674 	0.054539 	0.059306 	0.019507 	0.042250 	0.101849 	0.088915 	0.028429 	0.051153 	0.047112 	0.043036 	0.113221 	0.066303 	0.057091 	0.029812 	0.017254 	0.028438 	
0.069997 	0.002394 	0.031720 	0.047674 	0.054539 	0.059306 	0.019507 	0.042250 	0.101849 	0.088915 	0.028429 	0.051153 	0.047112 	0.043036 	0.113221 	0.066303 	0.057091 	0.029812 	0.017254 	0.028438 	
0.069997 	0.002394 	0.031720 	0.047674 	0.054539 	0.059306 	0.019507 	0.042250 	0.101849 	0.088915 	0.028429 	0.051153 	0.047112 	0.043036 	0.113221 	0.066303 	0.057091 	0.029812 	0.017254 	0.028438 	
0.069997 	0.002394 	0.031720 	0.047674 	0.054539 	0.059306 	0.019507 	0.042250 	0.101849 	0.088915 	0.028429 	0.051153 	0.047112 	0.043036 	0.113221 	0.066303 	0.057091 	0.029812 	0.017254 	0.028438 	
0.069997 	0.002394 	0.031720 	0.047674 	0.054539 	0.059306 	0.019507 	0.042250 	0.101849 	0.088915 	0.028429 	0.051153 	0.047112 	0.043036 	0.113221 	0.066303 	0.057091 	0.029812 	0.017254 	0.028438 	
0.069997 	0.002394 	0.031720 	0.047674 	0.054539 	0.059306 	0.019507 	0.042250 	0.101849 	0.088915 	0.028429 	0.051153 	0.047112 	0.043036 	0.113221 	0.066303 	0.057091 	0.029812 	0.017254 	0.028438 	
0.069997 	0.002394 	0.031720 	0.047674 	0.054539 	0.059306 	0.019507 	0.042250 	0.101849 	0.088915 	0.028429 	0.051153 	0.047112 	0.043036 	0.113221 	0.066303 	0.057091 	0.029812 	0.017254 	0.028438 	
0.069997 	0.002394 	0.031720 	0.047674 	0.054539 	0.059306 	0.019507 	0.042250 	0.101849 	0.088915 	0.028429 	0.051153 	0.047112 	0.043036 	0.113221 	0.066303 	0.057091 	0.029812 	0.017254 	0.028438 	
0.099953 	0.000505 	0.024447 	0.002579 	0.100531 	0.094609 	0.011519 	0.136354 	0.005718 	0.179849 	0.015227 	0.017721 	0.015620 	0.005111 	0.002925 	0.042112 	0.058122 	0.111190 	0.028109 	0.047800 	
0.099953 	0.000505 	0.024447 	0.002579 	0.100531 	0.094609 	0.011519 	0.136354 	0.005718 	0.179849 	0.015227 	0.017721 	0.015620 	0.005111 	0.002925 	0.042112 	0.058122 	0.111190 	0.028109 	0.047800 	
0.099953 	0.000505 	0.024447 	0.002579 	0.100531 	0.094609 	0.011519 	0.136354 	0.005718 	0.179849 	0.015227 	0.017721 	0.015620 	0.005111 	0.002925 	0.042112 	0.058122 	0.111190 	0.028109 	0.047800 	
0.099953 	0.000505 	0.024447 	0.002579 	0.100531 	0.094609 	0.011519 	0.136354 	0.005718 	0.179849 	0.015227 	0.017721 	0.015620 	0.005111 	0.002925 	0.042112 	0.058122 	0.111190 	0.028109 	0.047800 	
0.099953 	0.000505 	0.024447 	0.002579 	0.100531 	0.094609 	0.011519 	0.136354 	0.005718 	0.179849 	0.015227 	0.017721 	0.015620 	0.005111 	0.002925 	0.042112 	0.058122 	0.111190 	0.028109 	0.047800 	
0.091941 	0.009588 	0.008391 	0.015755 	0.072364 	0.097557 	0.003308 	0.166315 	0.007036 	0.161381 	0.036089 	0.011475 	0.016185 	0.008335 	0.008588 	0.068982 	0.070729 	0.118770 	0.009223 	0.017988 	
0.091941 	0.009588 	0.008391 	0.015755 	0.072364 	0.097557 	0.003308 	0.166315 	0.007036 	0.161381 	0.036089 	0.011475 	0.016185 	0.008335 	0.008588 	0.068982 	0.070729 	0.118770 	0.009223 	0.017988 	
0.091941 	0.009588 	0.008391 	0.015755 	0.072364 	0.097557 	0.003308 	0.166315 	0.007036 	0.161381 	0.036089 	0.011475 	0.016185 	0.008335 	0.008588 	0.068982 	0.070729 	0.118770 	0.009223 	0.017988 	
0.091941 	0.009588 	0.008391 	0.015755 	0.072364 	0.097557 	0.003308 	0.166315 	0.007036 	0.161381 	0.036089 	0.011475 	0.016185 	0.008335 	0.008588 	0.068982 	0.070729 	0.118770 	0.009223 	0.017988 	
0.091941 	0.009588 	0.008391 	0.015755 	0.072364 	0.097557 	0.003308 	0.166315 	0.007036 	0.161381 	0.036089 	0.011475 	0.016185 	0.008335 	0.008588 	0.068982 	0.070729 	0.118770 	0.009223 	0.017988 	
0.091941 	0.009588 	0.008391 	0.015755 	0.072364 	0.097557 	0.003308 	0.166315 	0.007036 	0.161381 	0.036089 	0.011475 	0.016185 	0.008335 	0.008588 	0.068982 	0.070729 	0.118770 	0.009223 	0.017988 	
0.091941 	0.009588 	0.008391 	0.015755 	0.072364 	0.097557 	0.003308 	0.166315 	0.007036 	0.161381 	0.036089 	0.011475 	0.016185 	0.008335 	0.008588 	0.068982 	0.070729 	0.118770 	0.009223 	0.017988 	
0.091941 	0.009588 	0.008391 	0.015755 	0.072364 	0.097557 	0.003308 	0.166315 	0.007036 	0.161381 	0.036089 	0.011475 	0.016185 	0.008335 	0.008588 	0.068982 	0.070729 	0.118770 	0.009223 	0.017988 	
0.091941 	0.009588 	0.008391 	0.015755 	0.072364 	0.097557 	0.003308 	0.166315 	0.007036 	0.161381 	0.036089 	0.011475 	0.016185 	0.008335 	0.008588 	0.068982 	0.070729 	0.118770 	0.009223 	0.017988 	
0.091941 	0.009588 	0.008391 	0.015755 	0.072364 	0.097557 	0.003308 	0.166315 	0.007036 	0.161381 	0.036089 	0.011475 	0.016185 	0.008335 	0.008588 	0.068982 	0.070729 	0.118770 	0.009223 	0.017988 	
0.091941 	0.009588 	0.008391 	0.015755 	0.072364 	0.097557 	0.003308 	0.166315 	0.007036 	0.161381 	0.036089 	0.011475 	0.016185 	0.008335 	0.008588 	0.068982 	0.070729 	0.118770 	0.009223 	0.017988 	
0.091941 	0.009588 	0.008391 	0.015755 	0.072364 	0.097557 	0.003308 	0.166315 	0.007036 	0.161381 	0.036089 	0.011475 	0.016185 	0.008335 	0.008588 	0.068982 	0.070729 	0.118770 	0.009223 	0.017988 	
0.091941 	0.009588 	0.008391 	0.015755 	0.072364 	0.097557 	0.003308 	0.166315 	0.007036 	0.161381 	0.036089 	0.011475 	0.016185 	0.008335 	0.008588 	0.068982 	0.070729 	0.118770 	0.009223 	0.017988 	
0.091941 	0.009588 	0.008391 	0.015755 	0.072364 	0.097557 	0.003308 	0.166315 	0.007036 	0.161381 	0.036089 	0.011475 	0.016185 	0.008335 	0.008588 	0.068982 	0.070729 	0.118770 	0.009223 	0.017988 	
0.091941 	0.009588 	0.008391 	0.015755 	0.072364 	0.097557 	0.003308 	0.166315 	0.007036 	0.161381 	0.036089 	0.011475 	0.016185 	0.008335 	0.008588 	0.068982 	0.070729 	0.118770 	0.009223 	0.017988 	
0.091941 	0.009588 	0.008391 	0.015755 	0.072364 	0.097557 	0.003308 	0.166315 	0.007036 	0.161381 	0.036089 	0.011475 	0.016185 	0.008335 	0.008588 	0.068982 	0.070729 	0.118770 	0.009223 	0.017988 	
0.091941 	0.009588 	0.008391 	0.015755 	0.072364 	0.097557 	0.003308 	0.166315 	0.007036 	0.161381 	0.036089 	0.011475 	0.016185 	0.008335 	0.008588 	0.068982 	0.070729 	0.118770 	0.009223 	0.017988 	
0.091941 	0.009588 	0.008391 	0.015755 	0.072364 	0.097557 	0.003308 	0.166315 	0.007036 	0.161381 	0.036089 	0.011475 	0.016185 	0.008335 	0.008588 	0.068982 	0.070729 	0.118770 	0.009223 	0.017988 	
0.091941 	0.009588 	0.008391 	0.015755 	0.072364 	0.097557 	0.003308 	0.166315 	0.007036 	0.161381 	0.036089 	0.011475 	0.016185 	0.008335 	0.008588 	0.068982 	0.070729 	0.118770 	0.009223 	0.017988 	
0.091941 	0.009588 	0.008391 	0.015755 	0.072364 	0.097557 	0.003308 	0.166315 	0.007036 	0.161381 	0.036089 	0.011475 	0.016185 	0.008335 	0.008588 	0.068982 	0.070729 	0.118770 	0.009223 	0.017988 	
0.091941 	0.009588 	0.008391 	0.015755 	0.072364 	0.097557 	0.003308 	0.166315 	0.007036 	0.161381 	0.036089 	0.011475 	0.016185 	0.008335 	0.008588 	0.068982 	0.070729 	0.118770 	0.009223 	0.017988 	
0.091941 	0.009588 	0.008391 	0.015755 	0.072364 	0.097557 	0.003308 	0.166315 	0.007036 	0.161381 	0.036089 	0.011475 	0.016185 	0.008335 	0.008588 	0.068982 	0.070729 	0.118770 	0.009223 	0.017988 	
0.091941 	0.009588 	0.008391 	0.015755 	0.072364 	0.097557 	0.003308 	0.166315 	0.007036 	0.161381 	0.036089 	0.011475 	0.016185 	0.008335 	0.008588 	0.068982 	0.070729 	0.118770 	0.009223 	0.017988 	
0.091941 	0.009588 	0.008391 	0.015755 	0.072364 	0.097557 	0.003308 	0.166315 	0.007036 	0.161381 	0.036089 	0.011475 	0.016185 	0.008335 	0.008588 	0.068982 	0.070729 	0.118770 	0.009223 	0.017988 	
0.091941 	0.009588 	0.008391 	0.015755 	0.072364 	0.097557 	0.003308 	0.166315 	0.007036 	0.161381 	0.036089 	0.011475 	0.016185 	0.008335 	0.008588 	0.068982 	0.070729 	0.118770 	0.009223 	0.017988 	
0.064504 	0.003727 	0.008333 	0.002579 	0.113422 	0.094609 	0.017964 	0.136354 	0.002495 	0.160513 	0.034563 	0.011276 	0.047847 	0.008333 	0.006148 	0.084006 	0.038786 	0.104744 	0.024886 	0.034909 	
0.064504 	0.003727 	0.008333 	0.002579 	0.113422 	0.094609 	0.017964 	0.136354 	0.002495 	0.160513 	0.034563 	0.011276 	0.047847 	0.008333 	0.006148 	0.084006 	0.038786 	0.104744 	0.024886 	0.034909 	
0.064504 	0.003727 	0.008333 	0.002579 	0.113422 	0.094609 	0.017964 	0.136354 	0.002495 	0.160513 	0.034563 	0.011276 	0.047847 	0.008333 	0.006148 	0.084006 	0.038786 	0.104744 	0.024886 	0.034909 	
0.064504 	0.003727 	0.008333 	0.002579 	0.113422 	0.094609 	0.017964 	0.136354 	0.002495 	0.160513 	0.034563 	0.011276 	0.047847 	0.008333 	0.006148 	0.084006 	0.038786 	0.104744 	0.024886 	0.034909 	
0.064504 	0.003727 	0.008333 	0.002579 	0.113422 	0.094609 	0.017964 	0.136354 	0.002495 	0.160513 	0.034563 	0.011276 	0.047847 	0.008333 	0.006148 	0.084006 	0.038786 	0.104744 	0.024886 	0.034909 	
0.086167 	0.000505 	0.027534 	0.064337 	0.053625 	0.081139 	0.023462 	0.081881 	0.047678 	0.086195 	0.019188 	0.068237 	0.042149 	0.048416 	0.030527 	0.095543 	0.051600 	0.060774 	0.006414 	0.024630 	
0.086167 	0.000505 	0.027534 	0.064337 	0.053625 	0.081139 	0.023462 	0.081881 	0.047678 	0.086195 	0.019188 	0.068237 	0.042149 	0.048416 	0.030527 	0.095543 	0.051600 	0.060774 	0.006414 	0.024630 	
0.086167 	0.000505 	0.027534 	0.064337 	0.053625 	0.081139 	0.023462 	0.081881 	0.047678 	0.086195 	0.019188 	0.068237 	0.042149 	0.048416 	0.030527 	0.095543 	0.051600 	0.060774 	0.006414 	0.024630 	
0.086167 	0.000505 	0.027534 	0.064337 	0.053625 	0.081139 	0.023462 	0.081881 	0.047678 	0.086195 	0.019188 	0.068237 	0.042149 	0.048416 	0.030527 	0.095543 	0.051600 	0.060774 	0.006414 	0.024630 	
0.086167 	0.000505 	0.027534 	0.064337 	0.053625 	0.081139 	0.023462 	0.081881 	0.047678 	0.086195 	0.019188 	0.068237 	0.042149 	0.048416 	0.030527 	0.095543 	0.051600 	0.060774 	0.006414 	0.024630 	
0.086167 	0.000505 	0.027534 	0.064337 	0.053625 	0.081139 	0.023462 	0.081881 	0.047678 	0.086195 	0.019188 	0.068237 	0.042149 	0.048416 	0.030527 	0.095543 	0.051600 	0.060774 	0.006414 	0.024630 	
0.086167 	0.000505 	0.027534 	0.064337 	0.053625 	0.081139 	0.023462 	0.081881 	0.047678 	0.086195 	0.019188 	0.068237 	0.042149 	0.048416 	0.030527 	0.095543 	0.051600 	0.060774 	0.006414 	0.024630 	
0.086167 	0.000505 	0.027534 	0.064337 	0.053625 	0.081139 	0.023462 	0.081881 	0.047678 	0.086195 	0.019188 	0.068237 	0.042149 	0.048416 	0.030527 	0.095543 	0.051600 	0.060774 	0.006414 	0.024630 	
0.086167 	0.000505 	0.027534 	0.064337 	0.053625 	0.081139 	0.023462 	0.081881 	0.047678 	0.086195 	0.019188 	0.068237 	0.042149 	0.048416 	0.030527 	0.095543 	0.051600 	0.060774 	0.006414 	0.024630 	
0.086167 	0.000505 	0.027534 	0.064337 	0.053625 	0.081139 	0.023462 	0.081881 	0.047678 	0.086195 	0.019188 	0.068237 	0.042149 	0.048416 	0.030527 	0.095543 	0.051600 	0.060774 	0.006414 	0.024630 	
0.077000 	0.018000 	0.058000 	0.066000 	0.040000 	0.072000 	0.024000 	0.056000 	0.063000 	0.086000 	0.022000 	0.046000 	0.046000 	0.040000 	0.049000 	0.062000 	0.057000 	0.068000 	0.015000 	0.035000 	
0.044525 	0.002825 	0.011070 	0.016606 	0.047616 	0.034150 	0.016838 	0.053949 	0.232584 	0.071976 	0.022445 	0.053540 	0.028880 	0.029808 	0.151302 	0.064324 	0.051568 	0.037562 	0.008366 	0.020066 	
0.044525 	0.002825 	0.011070 	0.016606 	0.047616 	0.034150 	0.016838 	0.053949 	0.232584 	0.071976 	0.022445 	0.053540 	0.028880 	0.029808 	0.151302 	0.064324 	0.051568 	0.037562 	0.008366 	0.020066 	
0.044525 	0.002825 	0.011070 	0.016606 	0.047616 	0.034150 	0.016838 	0.053949 	0.232584 	0.071976 	0.022445 	0.053540 	0.028880 	0.029808 	0.151302 	0.064324 	0.051568 	0.037562 	0.008366 	0.020066 	
0.044525 	0.002825 	0.011070 	0.016606 	0.047616 	0.034150 	0.016838 	0.053949 	0.232584 	0.071976 	0.022445 	0.053540 	0.028880 	0.029808 	0.151302 	0.064324 	0.051568 	0.037562 	0.008366 	0.020066 	
0.044525 	0.002825 	0.011070 	0.016606 	0.047616 	0.034150 	0.016838 	0.053949 	0.232584 	0.071976 	0.022445 	0.053540 	0.028880 	0.029808 	0.151302 	0.064324 	0.051568 	0.037562 	0.008366 	0.020066 	
0.175977 	0.015207 	0.001694 	0.000957 	0.059591 	0.077189 	0.001567 	0.078437 	0.001893 	0.230313 	0.030066 	0.002320 	0.017658 	0.000605 	0.002897 	0.088644 	0.082084 	0.122294 	0.005895 	0.004712 	
0.175977 	0.015207 	0.001694 	0.000957 	0.059591 	0.077189 	0.001567 	0.078437 	0.001893 	0.230313 	0.030066 	0.002320 	0.017658 	0.000605 	0.002897 	0.088644 	0.082084 	0.122294 	0.005895 	0.004712 	
0.175977 	0.015207 	0.001694 	0.000957 	0.059591 	0.077189 	0.001567 	0.078437 	0.001893 	0.230313 	0.030066 	0.002320 	0.017658 	0.000605 	0.002897 	0.088644 	0.082084 	0.122294 	0.005895 	0.004712 	
0.175977 	0.015207 	0.001694 	0.000957 	0.059591 	0.077189 	0.001567 	0.078437 	0.001893 	0.230313 	0.030066 	0.002320 	0.017658 	0.000605 	0.002897 	0.088644 	0.082084 	0.122294 	0.005895 	0.004712 	
0.175977 	0.015207 	0.001694 	0.000957 	0.059591 	0.077189 	0.001567 	0.078437 	0.001893 	0.230313 	0.030066 	0.002320 	0.017658 	0.000605 	0.002897 	0.088644 	0.082084 	0.122294 	0.005895 	0.004712 	
0.175977 	0.015207 	0.001694 	0.000957 	0.059591 	0.077189 	0.001567 	0.078437 	0.001893 	0.230313 	0.030066 	0.002320 	0.017658 	0.000605 	0.002897 	0.088644 	0.082084 	0.122294 	0.005895 	0.004712 	
0.175977 	0.015207 	0.001694 	0.000957 	0.059591 	0.077189 	0.001567 	0.078437 	0.001893 	0.230313 	0.030066 	0.002320 	0.017658 	0.000605 	0.002897 	0.088644 	0.082084 	0.122294 	0.005895 	0.004712 	
0.175977 	0.015207 	0.001694 	0.000957 	0.059591 	0.077189 	0.001567 	0.078437 	0.001893 	0.230313 	0.030066 	0.002320 	0.017658 	0.000605 	0.002897 	0.088644 	0.082084 	0.122294 	0.005895 	0.004712 	
0.175977 	0.015207 	0.001694 	0.000957 	0.059591 	0.077189 	0.001567 	0.078437 	0.001893 	0.230313 	0.030066 	0.002320 	0.017658 	0.000605 	0.002897 	0.088644 	0.082084 	0.122294 	0.005895 	0.004712 	
0.175977 	0.015207 	0.001694 	0.000957 	0.059591 	0.077189 	0.001567 	0.078437 	0.001893 	0.230313 	0.030066 	0.002320 	0.017658 	0.000605 	0.002897 	0.088644 	0.082084 	0.122294 	0.005895 	0.004712 	
0.175977 	0.015207 	0.001694 	0.000957 	0.059591 	0.077189 	0.001567 	0.078437 	0.001893 	0.230313 	0.030066 	0.002320 	0.017658 	0.000605 	0.002897 	0.088644 	0.082084 	0.122294 	0.005895 	0.004712 	
0.175977 	0.015207 	0.001694 	0.000957 	0.059591 	0.077189 	0.001567 	0.078437 	0.001893 	0.230313 	0.030066 	0.002320 	0.017658 	0.000605 	0.002897 	0.088644 	0.082084 	0.122294 	0.005895 	0.004712 	
0.175977 	0.015207 	0.001694 	0.000957 	0.059591 	0.077189 	0.001567 	0.078437 	0.001893 	0.230313 	0.030066 	0.002320 	0.017658 	0.000605 	0.002897 	0.088644 	0.082084 	0.122294 	0.005895 	0.004712 	
0.175977 	0.015207 	0.001694 	0.000957 	0.059591 	0.077189 	0.001567 	0.078437 	0.001893 	0.230313 	0.030066 	0.002320 	0.017658 	0.000605 	0.002897 	0.088644 	0.082084 	0.122294 	0.005895 	0.004712 	
0.175977 	0.015207 	0.001694 	0.000957 	0.059591 	0.077189 	0.001567 	0.078437 	0.001893 	0.230313 	0.030066 	0.002320 	0.017658 	0.000605 	0.002897 	0.088644 	0.082084 	0.122294 	0.005895 	0.004712 	
0.175977 	0.015207 	0.001694 	0.000957 	0.059591 	0.077189 	0.001567 	0.078437 	0.001893 	0.230313 	0.030066 	0.002320 	0.017658 	0.000605 	0.002897 	0.088644 	0.082084 	0.122294 	0.005895 	0.004712 	
0.175977 	0.015207 	0.001694 	0.000957 	0.059591 	0.077189 	0.001567 	0.078437 	0.001893 	0.230313 	0.030066 	0.002320 	0.017658 	0.000605 	0.002897 	0.088644 	0.082084 	0.122294 	0.005895 	0.004712 	
0.175977 	0.015207 	0.001694 	0.000957 	0.059591 	0.077189 	0.001567 	0.078437 	0.001893 	0.230313 	0.030066 	0.002320 	0.017658 	0.000605 	0.002897 	0.088644 	0.082084 	0.122294 	0.005895 	0.004712 	
0.175977 	0.015207 	0.001694 	0.000957 	0.059591 	0.077189 	0.001567 	0.078437 	0.001893 	0.230313 	0.030066 	0.002320 	0.017658 	0.000605 	0.002897 	0.088644 	0.082084 	0.122294 	0.005895 	0.004712 	
0.175977 	0.015207 	0.001694 	0.000957 	0.059591 	0.077189 	0.001567 	0.078437 	0.001893 	0.230313 	0.030066 	0.002320 	0.017658 	0.000605 	0.002897 	0.088644 	0.082084 	0.122294 	0.005895 	0.004712 	
0.120105 	0.000356 	0.034163 	0.030930 	0.020986 	0.072652 	0.011441 	0.049761 	0.032715 	0.031316 	0.014928 	0.070281 	0.142054 	0.056590 	0.015751 	0.088421 	0.124571 	0.069792 	0.000486 	0.012697 	
0.120105 	0.000356 	0.034163 	0.030930 	0.020986 	0.072652 	0.011441 	0.049761 	0.032715 	0.031316 	0.014928 	0.070281 	0.142054 	0.056590 	0.015751 	0.088421 	0.124571 	0.069792 	0.000486 	0.012697 	
0.120105 	0.000356 	0.034163 	0.030930 	0.020986 	0.072652 	0.011441 	0.049761 	0.032715 	0.031316 	0.014928 	0.070281 	0.142054 	0.056590 	0.015751 	0.088421 	0.124571 	0.069792 	0.000486 	0.012697 	
0.120105 	0.000356 	0.034163 	0.030930 	0.020986 	0.072652 	0.011441 	0.049761 	0.032715 	0.031316 	0.014928 	0.070281 	0.142054 	0.056590 	0.015751 	0.088421 	0.124571 	0.069792 	0.000486 	0.012697 	
0.120105 	0.000356 	0.034163 	0.030930 	0.020986 	0.072652 	0.011441 	0.049761 	0.032715 	0.031316 	0.014928 	0.070281 	0.142054 	0.056590 	0.015751 	0.088421 	0.124571 	0.069792 	0.000486 	0.012697 	
0.568816 	0.000168 	0.000542 	0.024432 	0.008181 	0.032295 	0.000673 	0.031697 	0.000589 	0.016419 	0.000206 	0.008237 	0.015596 	0.000374 	0.008714 	0.071239 	0.008340 	0.203013 	0.000140 	0.000327 	
0.095638 	0.000168 	0.023963 	0.062569 	0.077940 	0.078239 	0.054818 	0.016137 	0.094161 	0.031976 	0.015820 	0.046768 	0.023402 	0.133430 	0.008265 	0.133636 	0.023954 	0.024057 	0.015754 	0.039306 	
0.827043 	0.000168 	0.000542 	0.008423 	0.000822 	0.024093 	0.008031 	0.007881 	0.016202 	0.000804 	0.000206 	0.008236 	0.000430 	0.000374 	0.016071 	0.039556 	0.008788 	0.024055 	0.000140 	0.008134 	
0.407237 	0.000168 	0.101933 	0.102008 	0.015990 	0.008481 	0.008032 	0.031699 	0.055188 	0.008612 	0.000206 	0.032054 	0.008238 	0.047165 	0.008266 	0.109330 	0.015700 	0.023611 	0.007948 	0.008135 	
0.109458 	0.000168 	0.079005 	0.117162 	0.000374 	0.078687 	0.031004 	0.023944 	0.024010 	0.008611 	0.000206 	0.032051 	0.109168 	0.039353 	0.008265 	0.133636 	0.141396 	0.063036 	0.000140 	0.000327 	
0.102111 	0.007976 	0.078565 	0.047408 	0.000374 	0.087345 	0.000224 	0.024340 	0.077715 	0.039787 	0.000206 	0.093620 	0.078902 	0.015990 	0.016074 	0.132305 	0.094116 	0.078659 	0.000140 	0.024143 	
0.101651 	0.015782 	0.078108 	0.055210 	0.031546 	0.062625 	0.008031 	0.039054 	0.071693 	0.024225 	0.008013 	0.055472 	0.094002 	0.023795 	0.023879 	0.055173 	0.134038 	0.086457 	0.015754 	0.015493 	
0.094303 	0.000168 	0.086766 	0.063473 	0.015990 	0.070888 	0.015840 	0.039956 	0.062996 	0.071019 	0.000206 	0.116988 	0.055029 	0.031549 	0.000458 	0.078603 	0.116642 	0.024059 	0.000140 	0.054927 	
0.077000 	0.018000 	0.058000 	0.066000 	0.040000 	0.072000 	0.024000 	0.056000 	0.063000 	0.086000 	0.022000 	0.046000 	0.046000 	0.040000 	0.049000 	0.062000 	0.057000 	0.068000 	0.015000 	0.035000 	
0.029344 	0.005314 	0.005622 	0.008236 	0.050453 	0.029539 	0.022550 	0.046433 	0.352347 	0.071441 	0.007904 	0.043207 	0.014570 	0.025323 	0.089216 	0.057427 	0.061768 	0.036071 	0.018955 	0.024277 	
0.029344 	0.005314 	0.005622 	0.008236 	0.050453 	0.029539 	0.022550 	0.046433 	0.352347 	0.071441 	0.007904 	0.043207 	0.014570 	0.025323 	0.089216 	0.057427 	0.061768 	0.036071 	0.018955 	0.024277 	
0.029344 	0.005314 	0.005622 	0.008236 	0.050453 	0.029539 	0.022550 	0.046433 	0.352347 	0.071441 	0.007904 	0.043207 	0.014570 	0.025323 	0.089216 	0.057427 	0.061768 	0.036071 	0.018955 	0.024277 	
0.029344 	0.005314 	0.005622 	0.008236 	0.050453 	0.029539 	0.022550 	0.046433 	0.352347 	0.071441 	0.007904 	0.043207 	0.014570 	0.025323 	0.089216 	0.057427 	0.061768 	0.036071 	0.018955 	0.024277 	
0.029344 	0.005314 	0.005622 	0.008236 	0.050453 	0.029539 	0.022550 	0.046433 	0.352347 	0.071441 	0.007904 	0.043207 	0.014570 	0.025323 	0.089216 	0.057427 	0.061768 	0.036071 	0.018955 	0.024277 	
0.186029 	0.010331 	0.000542 	0.000617 	0.057817 	0.070143 	0.000463 	0.091877 	0.001005 	0.292101 	0.025600 	0.000546 	0.020034 	0.000543 	0.000470 	0.072520 	0.058757 	0.107473 	0.000842 	0.002291 	
0.186029 	0.010331 	0.000542 	0.000617 	0.057817 	0.070143 	0.000463 	0.091877 	0.001005 	0.292101 	0.025600 	0.000546 	0.020034 	0.000543 	0.000470 	0.072520 	0.058757 	0.107473 	0.000842 	0.002291 	
0.186029 	0.010331 	0.000542 	0.000617 	0.057817 	0.070143 	0.000463 	0.091877 	0.001005 	0.292101 	0.025600 	0.000546 	0.020034 	0.000543 	0.000470 	0.072520 	0.058757 	0.107473 	0.000842 	0.002291 	
0.186029 	0.010331 	0.000542 	0.000617 	0.057817 	0.070143 	0.000463 	0.091877 	0.001005 	0.292101 	0.025600 	0.000546 	0.020034 	0.000543 	0.000470 	0.072520 	0.058757 	0.107473 	0.000842 	0.002291 	
0.186029 	0.010331 	0.000542 	0.000617 	0.057817 	0.070143 	0.000463 	0.091877 	0.001005 	0.292101 	0.025600 	0.000546 	0.020034 	0.000543 	0.000470 	0.072520 	0.058757 	0.107473 	0.000842 	0.002291 	
0.186029 	0.010331 	0.000542 	0.000617 	0.057817 	0.070143 	0.000463 	0.091877 	0.001005 	0.292101 	0.025600 	0.000546 	0.020034 	0.000543 	0.000470 	0.072520 	0.058757 	0.107473 	0.000842 	0.002291 	
0.186029 	0.010331 	0.000542 	0.000617 	0.057817 	0.070143 	0.000463 	0.091877 	0.001005 	0.292101 	0.025600 	0.000546 	0.020034 	0.000543 	0.000470 	0.072520 	0.058757 	0.107473 	0.000842 	0.002291 	
0.186029 	0.010331 	0.000542 	0.000617 	0.057817 	0.070143 	0.000463 	0.091877 	0.001005 	0.292101 	0.025600 	0.000546 	0.020034 	0.000543 	0.000470 	0.072520 	0.058757 	0.107473 	0.000842 	0.002291 	
0.186029 	0.010331 	0.000542 	0.000617 	0.057817 	0.070143 	0.000463 	0.091877 	0.001005 	0.292101 	0.025600 	0.000546 	0.020034 	0.000543 	0.000470 	0.072520 	0.058757 	0.107473 	0.000842 	0.002291 	
0.186029 	0.010331 	0.000542 	0.000617 	0.057817 	0.070143 	0.000463 	0.091877 	0.001005 	0.292101 	0.025600 	0.000546 	0.020034 	0.000543 	0.000470 	0.072520 	0.058757 	0.107473 	0.000842 	0.002291 	
0.186029 	0.010331 	0.000542 	0.000617 	0.057817 	0.070143 	0.000463 	0.091877 	0.001005 	0.292101 	0.025600 	0.000546 	0.020034 	0.000543 	0.000470 	0.072520 	0.058757 	0.107473 	0.000842 	0.002291 	
0.186029 	0.010331 	0.000542 	0.000617 	0.057817 	0.070143 	0.000463 	0.091877 	0.001005 	0.292101 	0.025600 	0.000546 	0.020034 	0.000543 	0.000470 	0.072520 	0.058757 	0.107473 	0.000842 	0.002291 	
0.186029 	0.010331 	0.000542 	0.000617 	0.057817 	0.070143 	0.000463 	0.091877 	0.001005 	0.292101 	0.025600 	0.000546 	0.020034 	0.000543 	0.000470 	0.072520 	0.058757 	0.107473 	0.000842 	0.002291 	
0.186029 	0.010331 	0.000542 	0.000617 	0.057817 	0.070143 	0.000463 	0.091877 	0.001005 	0.292101 	0.025600 	0.000546 	0.020034 	0.000543 	0.000470 	0.072520 	0.058757 	0.107473 	0.000842 	0.002291 	
0.186029 	0.010331 	0.000542 	0.000617 	0.057817 	0.070143 	0.000463 	0.091877 	0.001005 	0.292101 	0.025600 	0.000546 	0.020034 	0.000543 	0.000470 	0.072520 	0.058757 	0.107473 	0.000842 	0.002291 	
0.186029 	0.010331 	0.000542 	0.000617 	0.057817 	0.070143 	0.000463 	0.091877 	0.001005 	0.292101 	0.025600 	0.000546 	0.020034 	0.000543 	0.000470 	0.072520 	0.058757 	0.107473 	0.000842 	0.002291 	
0.186029 	0.010331 	0.000542 	0.000617 	0.057817 	0.070143 	0.000463 	0.091877 	0.001005 	0.292101 	0.025600 	0.000546 	0.020034 	0.000543 	0.000470 	0.072520 	0.058757 	0.107473 	0.000842 	0.002291 	
0.186029 	0.010331 	0.000542 	0.000617 	0.057817 	0.070143 	0.000463 	0.091877 	0.001005 	0.292101 	0.025600 	0.000546 	0.020034 	0.000543 	0.000470 	0.072520 	0.058757 	0.107473 	0.000842 	0.002291 	
0.186029 	0.010331 	0.000542 	0.000617 	0.057817 	0.070143 	0.000463 	0.091877 	0.001005 	0.292101 	0.025600 	0.000546 	0.020034 	0.000543 	0.000470 	0.072520 	0.058757 	0.107473 	0.000842 	0.002291 	
0.186029 	0.010331 	0.000542 	0.000617 	0.057817 	0.070143 	0.000463 	0.091877 	0.001005 	0.292101 	0.025600 	0.000546 	0.020034 	0.000543 	0.000470 	0.072520 	0.058757 	0.107473 	0.000842 	0.002291 	
0.192913 	0.000168 	0.000542 	0.015405 	0.059527 	0.015461 	0.000224 	0.074465 	0.000589 	0.222574 	0.044571 	0.000430 	0.000430 	0.000374 	0.000458 	0.089310 	0.059686 	0.222406 	0.000140 	0.000327 	
0.089455 	0.000168 	0.000542 	0.000617 	0.000374 	0.000673 	0.000224 	0.030102 	0.000589 	0.621784 	0.029784 	0.000430 	0.000430 	0.000374 	0.000458 	0.015369 	0.000533 	0.207629 	0.000140 	0.000327 	
0.459074 	0.000168 	0.000542 	0.000617 	0.000374 	0.045041 	0.000224 	0.030102 	0.000589 	0.000804 	0.014995 	0.000430 	0.015219 	0.000374 	0.000458 	0.222362 	0.118791 	0.089371 	0.000140 	0.000327 	
0.532994 	0.000168 	0.000542 	0.000617 	0.000374 	0.370312 	0.000224 	0.000523 	0.000589 	0.000804 	0.000206 	0.000430 	0.000430 	0.000374 	0.000458 	0.089320 	0.000533 	0.000636 	0.000140 	0.000327 	
0.000000 	1.000000 	0.000000 	0.000000 	0.000000 	0.000000 	0.000000 	0.000000 	0.000000 	0.000000 	0.000000 	0.000000 	0.000000 	0.000000 	0.000000 	0.000000 	0.000000 	0.000000 	0.000000 	0.000000 	
0.089455 	0.000168 	0.000542 	0.015406 	0.000374 	0.399870 	0.000224 	0.000523 	0.000589 	0.000804 	0.000206 	0.074376 	0.000430 	0.029952 	0.030036 	0.325831 	0.015322 	0.015425 	0.000140 	0.000327 	
0.030296 	0.000168 	0.030119 	0.030194 	0.029951 	0.045038 	0.000224 	0.000523 	0.089319 	0.015592 	0.000206 	0.207412 	0.015218 	0.044739 	0.000458 	0.296292 	0.133572 	0.030212 	0.000140 	0.000327 	
0.059877 	0.000168 	0.044910 	0.044985 	0.000374 	0.148509 	0.015014 	0.015313 	0.059746 	0.030382 	0.000206 	0.148266 	0.030008 	0.015163 	0.030036 	0.237151 	0.104001 	0.015425 	0.000140 	0.000327 	
0.059877 	0.000168 	0.104011 	0.044985 	0.015163 	0.148509 	0.015014 	0.000523 	0.089324 	0.000804 	0.000206 	0.148266 	0.044798 	0.089109 	0.000458 	0.177994 	0.015322 	0.030214 	0.000140 	0.015116 	
0.030298 	0.000168 	0.044910 	0.044985 	0.015163 	0.045041 	0.044592 	0.000523 	0.104057 	0.015593 	0.000206 	0.133477 	0.074376 	0.000374 	0.015247 	0.237151 	0.163158 	0.015425 	0.000140 	0.015116 	
0.088137 	0.004700 	0.063804 	0.057413 	0.029230 	0.075156 	0.017877 	0.045670 	0.078220 	0.064722 	0.016963 	0.062366 	0.043189 	0.041231 	0.024078 	0.091852 	0.084481 	0.064458 	0.012200 	0.034251 	
0.000000 	0.000000 	0.000000 	0.000000 	0.000000 	0.000000 	0.000000 	0.000000 	0.000000 	0.000000 	0.000000 	0.000000 	0.000000 	0.000000 	0.000000 	0.000000 	0.000000 	0.000000 	0.000000 	0.000000 	
