0.000	0.000	0.000	0.000	0.000	0.000	0.000	0.000	0.000	0.000	0.000	0.000	0.000	0.000	0.000	0.000	0.000	0.000	0.000	0.000	
0.089	0.020	0.052	0.052	0.043	0.082	0.031	0.048	0.047	0.074	0.018	0.039	0.075	0.035	0.033	0.056	0.056	0.077	0.031	0.044
0.083	0.006	0.053	0.046	0.054	0.111	0.025	0.049	0.022	0.082	0.027	0.041	0.082	0.039	0.030	0.058	0.054	0.060	0.034	0.044
0.083	0.006	0.053	0.046	0.054	0.111	0.025	0.049	0.022	0.082	0.027	0.041	0.082	0.039	0.030	0.058	0.054	0.060	0.034	0.044
0.083	0.006	0.053	0.046	0.054	0.111	0.025	0.049	0.022	0.082	0.027	0.041	0.082	0.039	0.030	0.058	0.054	0.060	0.034	0.044
0.083	0.006	0.053	0.046	0.054	0.111	0.025	0.049	0.022	0.082	0.027	0.041	0.082	0.039	0.030	0.058	0.054	0.060	0.034	0.044
0.083	0.006	0.053	0.046	0.054	0.111	0.025	0.049	0.022	0.082	0.027	0.041	0.082	0.039	0.030	0.058	0.054	0.060	0.034	0.044
0.083	0.006	0.053	0.046	0.054	0.111	0.025	0.049	0.022	0.082	0.027	0.041	0.082	0.039	0.030	0.058	0.054	0.060	0.034	0.044
0.083	0.006	0.053	0.046	0.054	0.111	0.025	0.049	0.022	0.082	0.027	0.041	0.082	0.039	0.030	0.058	0.054	0.060	0.034	0.044
0.083	0.006	0.053	0.046	0.054	0.111	0.025	0.049	0.022	0.082	0.027	0.041	0.082	0.039	0.030	0.058	0.054	0.060	0.034	0.044
0.083	0.006	0.053	0.046	0.054	0.111	0.025	0.049	0.022	0.082	0.027	0.041	0.082	0.039	0.030	0.058	0.054	0.060	0.034	0.044
0.083	0.006	0.053	0.046	0.054	0.111	0.025	0.049	0.022	0.082	0.027	0.041	0.082	0.039	0.030	0.058	0.054	0.060	0.034	0.044
0.103	0.006	0.024	0.035	0.062	0.066	0.029	0.066	0.034	0.147	0.038	0.021	0.041	0.027	0.044	0.051	0.050	0.075	0.039	0.042
0.103	0.006	0.024	0.035	0.062	0.066	0.029	0.066	0.034	0.147	0.038	0.021	0.041	0.027	0.044	0.051	0.050	0.075	0.039	0.042
0.103	0.006	0.024	0.035	0.062	0.066	0.029	0.066	0.034	0.147	0.038	0.021	0.041	0.027	0.044	0.051	0.050	0.075	0.039	0.042
0.103	0.006	0.024	0.035	0.062	0.066	0.029	0.066	0.034	0.147	0.038	0.021	0.041	0.027	0.044	0.051	0.050	0.075	0.039	0.042
0.103	0.006	0.024	0.035	0.062	0.066	0.029	0.066	0.034	0.147	0.038	0.021	0.041	0.027	0.044	0.051	0.050	0.075	0.039	0.042
0.119	0.012	0.010	0.010	0.088	0.090	0.029	0.097	0.011	0.160	0.042	0.015	0.021	0.012	0.015	0.050	0.056	0.105	0.032	0.029
0.119	0.012	0.010	0.010	0.088	0.090	0.029	0.097	0.011	0.160	0.042	0.015	0.021	0.012	0.015	0.050	0.056	0.105	0.032	0.029
0.119	0.012	0.010	0.010	0.088	0.090	0.029	0.097	0.011	0.160	0.042	0.015	0.021	0.012	0.015	0.050	0.056	0.105	0.032	0.029
0.119	0.012	0.010	0.010	0.088	0.090	0.029	0.097	0.011	0.160	0.042	0.015	0.021	0.012	0.015	0.050	0.056	0.105	0.032	0.029
0.119	0.012	0.010	0.010	0.088	0.090	0.029	0.097	0.011	0.160	0.042	0.015	0.021	0.012	0.015	0.050	0.056	0.105	0.032	0.029
0.119	0.012	0.010	0.010	0.088	0.090	0.029	0.097	0.011	0.160	0.042	0.015	0.021	0.012	0.015	0.050	0.056	0.105	0.032	0.029
0.119	0.012	0.010	0.010	0.088	0.090	0.029	0.097	0.011	0.160	0.042	0.015	0.021	0.012	0.015	0.050	0.056	0.105	0.032	0.029
0.119	0.012	0.010	0.010	0.088	0.090	0.029	0.097	0.011	0.160	0.042	0.015	0.021	0.012	0.015	0.050	0.056	0.105	0.032	0.029
0.119	0.012	0.010	0.010	0.088	0.090	0.029	0.097	0.011	0.160	0.042	0.015	0.021	0.012	0.015	0.050	0.056	0.105	0.032	0.029
0.119	0.012	0.010	0.010	0.088	0.090	0.029	0.097	0.011	0.160	0.042	0.015	0.021	0.012	0.015	0.050	0.056	0.105	0.032	0.029
0.119	0.012	0.010	0.010	0.088	0.090	0.029	0.097	0.011	0.160	0.042	0.015	0.021	0.012	0.015	0.050	0.056	0.105	0.032	0.029
0.119	0.012	0.010	0.010	0.088	0.090	0.029	0.097	0.011	0.160	0.042	0.015	0.021	0.012	0.015	0.050	0.056	0.105	0.032	0.029
0.119	0.012	0.010	0.010	0.088	0.090	0.029	0.097	0.011	0.160	0.042	0.015	0.021	0.012	0.015	0.050	0.056	0.105	0.032	0.029
0.119	0.012	0.010	0.010	0.088	0.090	0.029	0.097	0.011	0.160	0.042	0.015	0.021	0.012	0.015	0.050	0.056	0.105	0.032	0.029
0.119	0.012	0.010	0.010	0.088	0.090	0.029	0.097	0.011	0.160	0.042	0.015	0.021	0.012	0.015	0.050	0.056	0.105	0.032	0.029
0.119	0.012	0.010	0.010	0.088	0.090	0.029	0.097	0.011	0.160	0.042	0.015	0.021	0.012	0.015	0.050	0.056	0.105	0.032	0.029
0.119	0.012	0.010	0.010	0.088	0.090	0.029	0.097	0.011	0.160	0.042	0.015	0.021	0.012	0.015	0.050	0.056	0.105	0.032	0.029
0.119	0.012	0.010	0.010	0.088	0.090	0.029	0.097	0.011	0.160	0.042	0.015	0.021	0.012	0.015	0.050	0.056	0.105	0.032	0.029
0.119	0.012	0.010	0.010	0.088	0.090	0.029	0.097	0.011	0.160	0.042	0.015	0.021	0.012	0.015	0.050	0.056	0.105	0.032	0.029
0.119	0.012	0.010	0.010	0.088	0.090	0.029	0.097	0.011	0.160	0.042	0.015	0.021	0.012	0.015	0.050	0.056	0.105	0.032	0.029
0.119	0.012	0.010	0.010	0.088	0.090	0.029	0.097	0.011	0.160	0.042	0.015	0.021	0.012	0.015	0.050	0.056	0.105	0.032	0.029
0.119	0.012	0.010	0.010	0.088	0.090	0.029	0.097	0.011	0.160	0.042	0.015	0.021	0.012	0.015	0.050	0.056	0.105	0.032	0.029
0.119	0.012	0.010	0.010	0.088	0.090	0.029	0.097	0.011	0.160	0.042	0.015	0.021	0.012	0.015	0.050	0.056	0.105	0.032	0.029
0.119	0.012	0.010	0.010	0.088	0.090	0.029	0.097	0.011	0.160	0.042	0.015	0.021	0.012	0.015	0.050	0.056	0.105	0.032	0.029
0.119	0.012	0.010	0.010	0.088	0.090	0.029	0.097	0.011	0.160	0.042	0.015	0.021	0.012	0.015	0.050	0.056	0.105	0.032	0.029
0.103	0.006	0.024	0.035	0.062	0.066	0.029	0.066	0.034	0.147	0.038	0.021	0.041	0.027	0.044	0.051	0.050	0.075	0.039	0.042
0.103	0.006	0.024	0.035	0.062	0.066	0.029	0.066	0.034	0.147	0.038	0.021	0.041	0.027	0.044	0.051	0.050	0.075	0.039	0.042
0.103	0.006	0.024	0.035	0.062	0.066	0.029	0.066	0.034	0.147	0.038	0.021	0.041	0.027	0.044	0.051	0.050	0.075	0.039	0.042
0.103	0.006	0.024	0.035	0.062	0.066	0.029	0.066	0.034	0.147	0.038	0.021	0.041	0.027	0.044	0.051	0.050	0.075	0.039	0.042
0.103	0.006	0.024	0.035	0.062	0.066	0.029	0.066	0.034	0.147	0.038	0.021	0.041	0.027	0.044	0.051	0.050	0.075	0.039	0.042
0.063	0.008	0.049	0.047	0.047	0.095	0.027	0.047	0.063	0.082	0.028	0.049	0.072	0.032	0.078	0.063	0.058	0.045	0.020	0.026
0.063	0.008	0.049	0.047	0.047	0.095	0.027	0.047	0.063	0.082	0.028	0.049	0.072	0.032	0.078	0.063	0.058	0.045	0.020	0.026
0.063	0.008	0.049	0.047	0.047	0.095	0.027	0.047	0.063	0.082	0.028	0.049	0.072	0.032	0.078	0.063	0.058	0.045	0.020	0.026
0.063	0.008	0.049	0.047	0.047	0.095	0.027	0.047	0.063	0.082	0.028	0.049	0.072	0.032	0.078	0.063	0.058	0.045	0.020	0.026
0.063	0.008	0.049	0.047	0.047	0.095	0.027	0.047	0.063	0.082	0.028	0.049	0.072	0.032	0.078	0.063	0.058	0.045	0.020	0.026
0.063	0.008	0.049	0.047	0.047	0.095	0.027	0.047	0.063	0.082	0.028	0.049	0.072	0.032	0.078	0.063	0.058	0.045	0.020	0.026
0.063	0.008	0.049	0.047	0.047	0.095	0.027	0.047	0.063	0.082	0.028	0.049	0.072	0.032	0.078	0.063	0.058	0.045	0.020	0.026
0.063	0.008	0.049	0.047	0.047	0.095	0.027	0.047	0.063	0.082	0.028	0.049	0.072	0.032	0.078	0.063	0.058	0.045	0.020	0.026
0.063	0.008	0.049	0.047	0.047	0.095	0.027	0.047	0.063	0.082	0.028	0.049	0.072	0.032	0.078	0.063	0.058	0.045	0.020	0.026
0.063	0.008	0.049	0.047	0.047	0.095	0.027	0.047	0.063	0.082	0.028	0.049	0.072	0.032	0.078	0.063	0.058	0.045	0.020	0.026
0.000	0.000	0.000	0.000	0.000	0.000	0.000	0.000	0.000	1	0.000	0.000	0.000	0.000	0.000	0.000	0.000	0.000	0.000	0.000	
0.000	0.000	0.000	0.000	0.000	0.000	0.000	0.000	0.000	0.000	0.000	0.000	1	0.000	0.000	0.000	0.000	0.000	0.000	0.000	
0.091	0.000	0.055	0.091	0.000	0.000	0.055	0.018	0.145	0.036	0.000	0.036	0.000	0.091	0.018	0.164	0.164	0.018	0.000	0.018	
0.091	0.000	0.000	0.000	0.000	0.000	0.000	0.000	0.000	0.000	0.000	0.000	0.000	0.000	0.000	0.018	0.891	0.000	0.000	0.000	
0.018	0.000	0.000	0.000	0.000	0.909	0.000	0.000	0.000	0.000	0.000	0.036	0.000	0.000	0.000	0.036	0.000	0.000	0.000	0.000	
0.073	0.000	0.291	0.418	0.000	0.018	0.000	0.000	0.000	0.000	0.018	0.018	0.000	0.000	0.018	0.073	0.036	0.036	0.000	0.000	
0.096	0.000	0.061	0.112	0.000	0.030	0.015	0.010	0.096	0.010	0.005	0.188	0.066	0.046	0.030	0.102	0.132	0.000	0.000	0.000	
0.096	0.000	0.061	0.112	0.000	0.030	0.015	0.010	0.096	0.010	0.005	0.188	0.066	0.046	0.030	0.102	0.132	0.000	0.000	0.000	
0.096	0.000	0.061	0.112	0.000	0.030	0.015	0.010	0.096	0.010	0.005	0.188	0.066	0.046	0.030	0.102	0.132	0.000	0.000	0.000	
0.185	0.002	0.000	0.003	0.083	0.126	0.005	0.083	0.005	0.230	0.037	0.002	0.010	0.001	0.000	0.053	0.063	0.090	0.006	0.015	
0.185	0.002	0.000	0.003	0.083	0.126	0.005	0.083	0.005	0.230	0.037	0.002	0.010	0.001	0.000	0.053	0.063	0.090	0.006	0.015	
0.185	0.002	0.000	0.003	0.083	0.126	0.005	0.083	0.005	0.230	0.037	0.002	0.010	0.001	0.000	0.053	0.063	0.090	0.006	0.015	
0.185	0.002	0.000	0.003	0.083	0.126	0.005	0.083	0.005	0.230	0.037	0.002	0.010	0.001	0.000	0.053	0.063	0.090	0.006	0.015	
0.185	0.002	0.000	0.003	0.083	0.126	0.005	0.083	0.005	0.230	0.037	0.002	0.010	0.001	0.000	0.053	0.063	0.090	0.006	0.015	
0.185	0.002	0.000	0.003	0.083	0.126	0.005	0.083	0.005	0.230	0.037	0.002	0.010	0.001	0.000	0.053	0.063	0.090	0.006	0.015	
0.185	0.002	0.000	0.003	0.083	0.126	0.005	0.083	0.005	0.230	0.037	0.002	0.010	0.001	0.000	0.053	0.063	0.090	0.006	0.015	
0.185	0.002	0.000	0.003	0.083	0.126	0.005	0.083	0.005	0.230	0.037	0.002	0.010	0.001	0.000	0.053	0.063	0.090	0.006	0.015	
0.185	0.002	0.000	0.003	0.083	0.126	0.005	0.083	0.005	0.230	0.037	0.002	0.010	0.001	0.000	0.053	0.063	0.090	0.006	0.015	
0.185	0.002	0.000	0.003	0.083	0.126	0.005	0.083	0.005	0.230	0.037	0.002	0.010	0.001	0.000	0.053	0.063	0.090	0.006	0.015	
0.185	0.002	0.000	0.003	0.083	0.126	0.005	0.083	0.005	0.230	0.037	0.002	0.010	0.001	0.000	0.053	0.063	0.090	0.006	0.015	
0.185	0.002	0.000	0.003	0.083	0.126	0.005	0.083	0.005	0.230	0.037	0.002	0.010	0.001	0.000	0.053	0.063	0.090	0.006	0.015	
0.185	0.002	0.000	0.003	0.083	0.126	0.005	0.083	0.005	0.230	0.037	0.002	0.010	0.001	0.000	0.053	0.063	0.090	0.006	0.015	
0.185	0.002	0.000	0.003	0.083	0.126	0.005	0.083	0.005	0.230	0.037	0.002	0.010	0.001	0.000	0.053	0.063	0.090	0.006	0.015	
0.185	0.002	0.000	0.003	0.083	0.126	0.005	0.083	0.005	0.230	0.037	0.002	0.010	0.001	0.000	0.053	0.063	0.090	0.006	0.015	
0.185	0.002	0.000	0.003	0.083	0.126	0.005	0.083	0.005	0.230	0.037	0.002	0.010	0.001	0.000	0.053	0.063	0.090	0.006	0.015	
0.185	0.002	0.000	0.003	0.083	0.126	0.005	0.083	0.005	0.230	0.037	0.002	0.010	0.001	0.000	0.053	0.063	0.090	0.006	0.015	
0.185	0.002	0.000	0.003	0.083	0.126	0.005	0.083	0.005	0.230	0.037	0.002	0.010	0.001	0.000	0.053	0.063	0.090	0.006	0.015	
0.185	0.002	0.000	0.003	0.083	0.126	0.005	0.083	0.005	0.230	0.037	0.002	0.010	0.001	0.000	0.053	0.063	0.090	0.006	0.015	
0.185	0.002	0.000	0.003	0.083	0.126	0.005	0.083	0.005	0.230	0.037	0.002	0.010	0.001	0.000	0.053	0.063	0.090	0.006	0.015	
0.185	0.002	0.000	0.003	0.083	0.126	0.005	0.083	0.005	0.230	0.037	0.002	0.010	0.001	0.000	0.053	0.063	0.090	0.006	0.015	
0.185	0.002	0.000	0.003	0.083	0.126	0.005	0.083	0.005	0.230	0.037	0.002	0.010	0.001	0.000	0.053	0.063	0.090	0.006	0.015	
0.185	0.002	0.000	0.003	0.083	0.126	0.005	0.083	0.005	0.230	0.037	0.002	0.010	0.001	0.000	0.053	0.063	0.090	0.006	0.015	
0.185	0.002	0.000	0.003	0.083	0.126	0.005	0.083	0.005	0.230	0.037	0.002	0.010	0.001	0.000	0.053	0.063	0.090	0.006	0.015	
0.185	0.002	0.000	0.003	0.083	0.126	0.005	0.083	0.005	0.230	0.037	0.002	0.010	0.001	0.000	0.053	0.063	0.090	0.006	0.015	
0.028	0.000	0.046	0.084	0.003	0.008	0.010	0.015	0.355	0.005	0.000	0.077	0.005	0.028	0.207	0.043	0.061	0.015	0.003	0.005	
0.028	0.000	0.046	0.084	0.003	0.008	0.010	0.015	0.355	0.005	0.000	0.077	0.005	0.028	0.207	0.043	0.061	0.015	0.003	0.005	
0.028	0.000	0.046	0.084	0.003	0.008	0.010	0.015	0.355	0.005	0.000	0.077	0.005	0.028	0.207	0.043	0.061	0.015	0.003	0.005	
