0.000000 0.000000 0.000000 0.000000 0.000000 0.000000 0.000000 0.000000 0.000000 0.000000 0.000000 0.000000 0.000000 0.000000 0.000000 0.000000 0.000000 0.000000 0.000000 0.000000 
0.084545 0.007452 0.055313 0.049506 0.031348 0.080457 0.017863 0.045918 0.076606 0.056488 0.012627 0.064573 0.051076 0.038270 0.034333 0.074672 0.084593 0.071699 0.020953 0.041710 
0.068337 0.000453 0.048091 0.053443 0.084820 0.068126 0.034843 0.055933 0.034076 0.069495 0.028028 0.079559 0.070068 0.045939 0.012193 0.092881 0.048579 0.065591 0.007825 0.031720 
0.068337 0.000453 0.048091 0.053443 0.084820 0.068126 0.034843 0.055933 0.034076 0.069495 0.028028 0.079559 0.070068 0.045939 0.012193 0.092881 0.048579 0.065591 0.007825 0.031720 
0.068337 0.000453 0.048091 0.053443 0.084820 0.068126 0.034843 0.055933 0.034076 0.069495 0.028028 0.079559 0.070068 0.045939 0.012193 0.092881 0.048579 0.065591 0.007825 0.031720 
0.068337 0.000453 0.048091 0.053443 0.084820 0.068126 0.034843 0.055933 0.034076 0.069495 0.028028 0.079559 0.070068 0.045939 0.012193 0.092881 0.048579 0.065591 0.007825 0.031720 
0.068337 0.000453 0.048091 0.053443 0.084820 0.068126 0.034843 0.055933 0.034076 0.069495 0.028028 0.079559 0.070068 0.045939 0.012193 0.092881 0.048579 0.065591 0.007825 0.031720 
0.068337 0.000453 0.048091 0.053443 0.084820 0.068126 0.034843 0.055933 0.034076 0.069495 0.028028 0.079559 0.070068 0.045939 0.012193 0.092881 0.048579 0.065591 0.007825 0.031720 
0.068337 0.000453 0.048091 0.053443 0.084820 0.068126 0.034843 0.055933 0.034076 0.069495 0.028028 0.079559 0.070068 0.045939 0.012193 0.092881 0.048579 0.065591 0.007825 0.031720 
0.068337 0.000453 0.048091 0.053443 0.084820 0.068126 0.034843 0.055933 0.034076 0.069495 0.028028 0.079559 0.070068 0.045939 0.012193 0.092881 0.048579 0.065591 0.007825 0.031720 
0.068337 0.000453 0.048091 0.053443 0.084820 0.068126 0.034843 0.055933 0.034076 0.069495 0.028028 0.079559 0.070068 0.045939 0.012193 0.092881 0.048579 0.065591 0.007825 0.031720 
0.068337 0.000453 0.048091 0.053443 0.084820 0.068126 0.034843 0.055933 0.034076 0.069495 0.028028 0.079559 0.070068 0.045939 0.012193 0.092881 0.048579 0.065591 0.007825 0.031720 
0.089620 0.000453 0.005019 0.002274 0.110419 0.080349 0.028037 0.132538 0.010637 0.136843 0.026863 0.014352 0.035078 0.015111 0.019673 0.051237 0.039988 0.111107 0.049904 0.040501 
0.089620 0.000453 0.005019 0.002274 0.110419 0.080349 0.028037 0.132538 0.010637 0.136843 0.026863 0.014352 0.035078 0.015111 0.019673 0.051237 0.039988 0.111107 0.049904 0.040501 
0.089620 0.000453 0.005019 0.002274 0.110419 0.080349 0.028037 0.132538 0.010637 0.136843 0.026863 0.014352 0.035078 0.015111 0.019673 0.051237 0.039988 0.111107 0.049904 0.040501 
0.089620 0.000453 0.005019 0.002274 0.110419 0.080349 0.028037 0.132538 0.010637 0.136843 0.026863 0.014352 0.035078 0.015111 0.019673 0.051237 0.039988 0.111107 0.049904 0.040501 
0.089620 0.000453 0.005019 0.002274 0.110419 0.080349 0.028037 0.132538 0.010637 0.136843 0.026863 0.014352 0.035078 0.015111 0.019673 0.051237 0.039988 0.111107 0.049904 0.040501 
0.102532 0.006166 0.002713 0.003814 0.082644 0.072317 0.013883 0.148493 0.003973 0.177755 0.039417 0.018911 0.026664 0.015835 0.005284 0.057312 0.056851 0.120525 0.014177 0.030735 
0.102532 0.006166 0.002713 0.003814 0.082644 0.072317 0.013883 0.148493 0.003973 0.177755 0.039417 0.018911 0.026664 0.015835 0.005284 0.057312 0.056851 0.120525 0.014177 0.030735 
0.102532 0.006166 0.002713 0.003814 0.082644 0.072317 0.013883 0.148493 0.003973 0.177755 0.039417 0.018911 0.026664 0.015835 0.005284 0.057312 0.056851 0.120525 0.014177 0.030735 
0.102532 0.006166 0.002713 0.003814 0.082644 0.072317 0.013883 0.148493 0.003973 0.177755 0.039417 0.018911 0.026664 0.015835 0.005284 0.057312 0.056851 0.120525 0.014177 0.030735 
0.102532 0.006166 0.002713 0.003814 0.082644 0.072317 0.013883 0.148493 0.003973 0.177755 0.039417 0.018911 0.026664 0.015835 0.005284 0.057312 0.056851 0.120525 0.014177 0.030735 
0.102532 0.006166 0.002713 0.003814 0.082644 0.072317 0.013883 0.148493 0.003973 0.177755 0.039417 0.018911 0.026664 0.015835 0.005284 0.057312 0.056851 0.120525 0.014177 0.030735 
0.102532 0.006166 0.002713 0.003814 0.082644 0.072317 0.013883 0.148493 0.003973 0.177755 0.039417 0.018911 0.026664 0.015835 0.005284 0.057312 0.056851 0.120525 0.014177 0.030735 
0.102532 0.006166 0.002713 0.003814 0.082644 0.072317 0.013883 0.148493 0.003973 0.177755 0.039417 0.018911 0.026664 0.015835 0.005284 0.057312 0.056851 0.120525 0.014177 0.030735 
0.102532 0.006166 0.002713 0.003814 0.082644 0.072317 0.013883 0.148493 0.003973 0.177755 0.039417 0.018911 0.026664 0.015835 0.005284 0.057312 0.056851 0.120525 0.014177 0.030735 
0.102532 0.006166 0.002713 0.003814 0.082644 0.072317 0.013883 0.148493 0.003973 0.177755 0.039417 0.018911 0.026664 0.015835 0.005284 0.057312 0.056851 0.120525 0.014177 0.030735 
0.102532 0.006166 0.002713 0.003814 0.082644 0.072317 0.013883 0.148493 0.003973 0.177755 0.039417 0.018911 0.026664 0.015835 0.005284 0.057312 0.056851 0.120525 0.014177 0.030735 
0.102532 0.006166 0.002713 0.003814 0.082644 0.072317 0.013883 0.148493 0.003973 0.177755 0.039417 0.018911 0.026664 0.015835 0.005284 0.057312 0.056851 0.120525 0.014177 0.030735 
0.102532 0.006166 0.002713 0.003814 0.082644 0.072317 0.013883 0.148493 0.003973 0.177755 0.039417 0.018911 0.026664 0.015835 0.005284 0.057312 0.056851 0.120525 0.014177 0.030735 
0.102532 0.006166 0.002713 0.003814 0.082644 0.072317 0.013883 0.148493 0.003973 0.177755 0.039417 0.018911 0.026664 0.015835 0.005284 0.057312 0.056851 0.120525 0.014177 0.030735 
0.102532 0.006166 0.002713 0.003814 0.082644 0.072317 0.013883 0.148493 0.003973 0.177755 0.039417 0.018911 0.026664 0.015835 0.005284 0.057312 0.056851 0.120525 0.014177 0.030735 
0.102532 0.006166 0.002713 0.003814 0.082644 0.072317 0.013883 0.148493 0.003973 0.177755 0.039417 0.018911 0.026664 0.015835 0.005284 0.057312 0.056851 0.120525 0.014177 0.030735 
0.102532 0.006166 0.002713 0.003814 0.082644 0.072317 0.013883 0.148493 0.003973 0.177755 0.039417 0.018911 0.026664 0.015835 0.005284 0.057312 0.056851 0.120525 0.014177 0.030735 
0.102532 0.006166 0.002713 0.003814 0.082644 0.072317 0.013883 0.148493 0.003973 0.177755 0.039417 0.018911 0.026664 0.015835 0.005284 0.057312 0.056851 0.120525 0.014177 0.030735 
0.102532 0.006166 0.002713 0.003814 0.082644 0.072317 0.013883 0.148493 0.003973 0.177755 0.039417 0.018911 0.026664 0.015835 0.005284 0.057312 0.056851 0.120525 0.014177 0.030735 
0.102532 0.006166 0.002713 0.003814 0.082644 0.072317 0.013883 0.148493 0.003973 0.177755 0.039417 0.018911 0.026664 0.015835 0.005284 0.057312 0.056851 0.120525 0.014177 0.030735 
0.102532 0.006166 0.002713 0.003814 0.082644 0.072317 0.013883 0.148493 0.003973 0.177755 0.039417 0.018911 0.026664 0.015835 0.005284 0.057312 0.056851 0.120525 0.014177 0.030735 
0.102532 0.006166 0.002713 0.003814 0.082644 0.072317 0.013883 0.148493 0.003973 0.177755 0.039417 0.018911 0.026664 0.015835 0.005284 0.057312 0.056851 0.120525 0.014177 0.030735 
0.102532 0.006166 0.002713 0.003814 0.082644 0.072317 0.013883 0.148493 0.003973 0.177755 0.039417 0.018911 0.026664 0.015835 0.005284 0.057312 0.056851 0.120525 0.014177 0.030735 
0.102532 0.006166 0.002713 0.003814 0.082644 0.072317 0.013883 0.148493 0.003973 0.177755 0.039417 0.018911 0.026664 0.015835 0.005284 0.057312 0.056851 0.120525 0.014177 0.030735 
0.102532 0.006166 0.002713 0.003814 0.082644 0.072317 0.013883 0.148493 0.003973 0.177755 0.039417 0.018911 0.026664 0.015835 0.005284 0.057312 0.056851 0.120525 0.014177 0.030735 
0.109484 0.000453 0.011030 0.006934 0.103085 0.051115 0.024948 0.136218 0.025545 0.167425 0.039305 0.015450 0.025948 0.001651 0.007736 0.040806 0.022127 0.117630 0.034634 0.058477 
0.109484 0.000453 0.011030 0.006934 0.103085 0.051115 0.024948 0.136218 0.025545 0.167425 0.039305 0.015450 0.025948 0.001651 0.007736 0.040806 0.022127 0.117630 0.034634 0.058477 
0.109484 0.000453 0.011030 0.006934 0.103085 0.051115 0.024948 0.136218 0.025545 0.167425 0.039305 0.015450 0.025948 0.001651 0.007736 0.040806 0.022127 0.117630 0.034634 0.058477 
0.109484 0.000453 0.011030 0.006934 0.103085 0.051115 0.024948 0.136218 0.025545 0.167425 0.039305 0.015450 0.025948 0.001651 0.007736 0.040806 0.022127 0.117630 0.034634 0.058477 
0.109484 0.000453 0.011030 0.006934 0.103085 0.051115 0.024948 0.136218 0.025545 0.167425 0.039305 0.015450 0.025948 0.001651 0.007736 0.040806 0.022127 0.117630 0.034634 0.058477 
0.070660 0.002939 0.033948 0.060235 0.037271 0.070926 0.018240 0.060141 0.104009 0.072837 0.021856 0.050575 0.055247 0.046129 0.083061 0.068127 0.060669 0.049398 0.014238 0.019493 
0.070660 0.002939 0.033948 0.060235 0.037271 0.070926 0.018240 0.060141 0.104009 0.072837 0.021856 0.050575 0.055247 0.046129 0.083061 0.068127 0.060669 0.049398 0.014238 0.019493 
0.070660 0.002939 0.033948 0.060235 0.037271 0.070926 0.018240 0.060141 0.104009 0.072837 0.021856 0.050575 0.055247 0.046129 0.083061 0.068127 0.060669 0.049398 0.014238 0.019493 
0.070660 0.002939 0.033948 0.060235 0.037271 0.070926 0.018240 0.060141 0.104009 0.072837 0.021856 0.050575 0.055247 0.046129 0.083061 0.068127 0.060669 0.049398 0.014238 0.019493 
0.070660 0.002939 0.033948 0.060235 0.037271 0.070926 0.018240 0.060141 0.104009 0.072837 0.021856 0.050575 0.055247 0.046129 0.083061 0.068127 0.060669 0.049398 0.014238 0.019493 
0.070660 0.002939 0.033948 0.060235 0.037271 0.070926 0.018240 0.060141 0.104009 0.072837 0.021856 0.050575 0.055247 0.046129 0.083061 0.068127 0.060669 0.049398 0.014238 0.019493 
0.070660 0.002939 0.033948 0.060235 0.037271 0.070926 0.018240 0.060141 0.104009 0.072837 0.021856 0.050575 0.055247 0.046129 0.083061 0.068127 0.060669 0.049398 0.014238 0.019493 
0.070660 0.002939 0.033948 0.060235 0.037271 0.070926 0.018240 0.060141 0.104009 0.072837 0.021856 0.050575 0.055247 0.046129 0.083061 0.068127 0.060669 0.049398 0.014238 0.019493 
0.070660 0.002939 0.033948 0.060235 0.037271 0.070926 0.018240 0.060141 0.104009 0.072837 0.021856 0.050575 0.055247 0.046129 0.083061 0.068127 0.060669 0.049398 0.014238 0.019493 
0.070660 0.002939 0.033948 0.060235 0.037271 0.070926 0.018240 0.060141 0.104009 0.072837 0.021856 0.050575 0.055247 0.046129 0.083061 0.068127 0.060669 0.049398 0.014238 0.019493 
0.000000 0.000000 0.000000 0.000000 0.000000 0.000000 0.000000 0.000000 0.000000 1.000000 0.000000 0.000000 0.000000 0.000000 0.000000 0.000000 0.000000 0.000000 0.000000 0.000000 
0.000000 0.000000 0.000000 0.000000 0.000000 0.000000 0.000000 0.000000 0.000000 0.000000 0.000000 0.000000 1.000000 0.000000 0.000000 0.000000 0.000000 0.000000 0.000000 0.000000 
0.090782 0.000170 0.054599 0.090678 0.000377 0.000679 0.054279 0.018530 0.144655 0.036815 0.000208 0.036437 0.000434 0.090433 0.018464 0.162695 0.162648 0.018643 0.000142 0.018332 
0.090782 0.000170 0.000547 0.000623 0.000377 0.000679 0.000226 0.000528 0.000594 0.000811 0.000208 0.000434 0.000434 0.000377 0.000462 0.018587 0.883046 0.000642 0.000142 0.000330 
0.018729 0.000170 0.000547 0.000623 0.000377 0.901232 0.000226 0.000528 0.000594 0.000811 0.000208 0.036439 0.000434 0.000377 0.000462 0.036590 0.000538 0.000642 0.000142 0.000330 
0.072784 0.000170 0.288730 0.414870 0.000377 0.018682 0.000226 0.000528 0.000594 0.000811 0.018210 0.018437 0.000434 0.000377 0.018465 0.072642 0.036543 0.036647 0.000142 0.000330 
0.099461 0.000170 0.061182 0.107679 0.005715 0.046320 0.020394 0.021284 0.094509 0.009600 0.011441 0.186073 0.037148 0.046694 0.030623 0.093537 0.120261 0.005732 0.000142 0.002035 
0.099461 0.000170 0.061182 0.107679 0.005715 0.046320 0.020394 0.021284 0.094509 0.009600 0.011441 0.186073 0.037148 0.046694 0.030623 0.093537 0.120261 0.005732 0.000142 0.002035 
0.099461 0.000170 0.061182 0.107679 0.005715 0.046320 0.020394 0.021284 0.094509 0.009600 0.011441 0.186073 0.037148 0.046694 0.030623 0.093537 0.120261 0.005732 0.000142 0.002035 
0.183672 0.002093 0.000576 0.004340 0.081940 0.122631 0.004091 0.081087 0.005839 0.228683 0.035539 0.002694 0.015574 0.001203 0.000502 0.054977 0.065230 0.088984 0.005912 0.014434 
0.183672 0.002093 0.000576 0.004340 0.081940 0.122631 0.004091 0.081087 0.005839 0.228683 0.035539 0.002694 0.015574 0.001203 0.000502 0.054977 0.065230 0.088984 0.005912 0.014434 
0.183672 0.002093 0.000576 0.004340 0.081940 0.122631 0.004091 0.081087 0.005839 0.228683 0.035539 0.002694 0.015574 0.001203 0.000502 0.054977 0.065230 0.088984 0.005912 0.014434 
0.183672 0.002093 0.000576 0.004340 0.081940 0.122631 0.004091 0.081087 0.005839 0.228683 0.035539 0.002694 0.015574 0.001203 0.000502 0.054977 0.065230 0.088984 0.005912 0.014434 
0.183672 0.002093 0.000576 0.004340 0.081940 0.122631 0.004091 0.081087 0.005839 0.228683 0.035539 0.002694 0.015574 0.001203 0.000502 0.054977 0.065230 0.088984 0.005912 0.014434 
0.183672 0.002093 0.000576 0.004340 0.081940 0.122631 0.004091 0.081087 0.005839 0.228683 0.035539 0.002694 0.015574 0.001203 0.000502 0.054977 0.065230 0.088984 0.005912 0.014434 
0.183672 0.002093 0.000576 0.004340 0.081940 0.122631 0.004091 0.081087 0.005839 0.228683 0.035539 0.002694 0.015574 0.001203 0.000502 0.054977 0.065230 0.088984 0.005912 0.014434 
0.183672 0.002093 0.000576 0.004340 0.081940 0.122631 0.004091 0.081087 0.005839 0.228683 0.035539 0.002694 0.015574 0.001203 0.000502 0.054977 0.065230 0.088984 0.005912 0.014434 
0.183672 0.002093 0.000576 0.004340 0.081940 0.122631 0.004091 0.081087 0.005839 0.228683 0.035539 0.002694 0.015574 0.001203 0.000502 0.054977 0.065230 0.088984 0.005912 0.014434 
0.183672 0.002093 0.000576 0.004340 0.081940 0.122631 0.004091 0.081087 0.005839 0.228683 0.035539 0.002694 0.015574 0.001203 0.000502 0.054977 0.065230 0.088984 0.005912 0.014434 
0.183672 0.002093 0.000576 0.004340 0.081940 0.122631 0.004091 0.081087 0.005839 0.228683 0.035539 0.002694 0.015574 0.001203 0.000502 0.054977 0.065230 0.088984 0.005912 0.014434 
0.183672 0.002093 0.000576 0.004340 0.081940 0.122631 0.004091 0.081087 0.005839 0.228683 0.035539 0.002694 0.015574 0.001203 0.000502 0.054977 0.065230 0.088984 0.005912 0.014434 
0.183672 0.002093 0.000576 0.004340 0.081940 0.122631 0.004091 0.081087 0.005839 0.228683 0.035539 0.002694 0.015574 0.001203 0.000502 0.054977 0.065230 0.088984 0.005912 0.014434 
0.183672 0.002093 0.000576 0.004340 0.081940 0.122631 0.004091 0.081087 0.005839 0.228683 0.035539 0.002694 0.015574 0.001203 0.000502 0.054977 0.065230 0.088984 0.005912 0.014434 
0.183672 0.002093 0.000576 0.004340 0.081940 0.122631 0.004091 0.081087 0.005839 0.228683 0.035539 0.002694 0.015574 0.001203 0.000502 0.054977 0.065230 0.088984 0.005912 0.014434 
0.183672 0.002093 0.000576 0.004340 0.081940 0.122631 0.004091 0.081087 0.005839 0.228683 0.035539 0.002694 0.015574 0.001203 0.000502 0.054977 0.065230 0.088984 0.005912 0.014434 
0.183672 0.002093 0.000576 0.004340 0.081940 0.122631 0.004091 0.081087 0.005839 0.228683 0.035539 0.002694 0.015574 0.001203 0.000502 0.054977 0.065230 0.088984 0.005912 0.014434 
0.183672 0.002093 0.000576 0.004340 0.081940 0.122631 0.004091 0.081087 0.005839 0.228683 0.035539 0.002694 0.015574 0.001203 0.000502 0.054977 0.065230 0.088984 0.005912 0.014434 
0.183672 0.002093 0.000576 0.004340 0.081940 0.122631 0.004091 0.081087 0.005839 0.228683 0.035539 0.002694 0.015574 0.001203 0.000502 0.054977 0.065230 0.088984 0.005912 0.014434 
0.183672 0.002093 0.000576 0.004340 0.081940 0.122631 0.004091 0.081087 0.005839 0.228683 0.035539 0.002694 0.015574 0.001203 0.000502 0.054977 0.065230 0.088984 0.005912 0.014434 
0.183672 0.002093 0.000576 0.004340 0.081940 0.122631 0.004091 0.081087 0.005839 0.228683 0.035539 0.002694 0.015574 0.001203 0.000502 0.054977 0.065230 0.088984 0.005912 0.014434 
0.183672 0.002093 0.000576 0.004340 0.081940 0.122631 0.004091 0.081087 0.005839 0.228683 0.035539 0.002694 0.015574 0.001203 0.000502 0.054977 0.065230 0.088984 0.005912 0.014434 
0.183672 0.002093 0.000576 0.004340 0.081940 0.122631 0.004091 0.081087 0.005839 0.228683 0.035539 0.002694 0.015574 0.001203 0.000502 0.054977 0.065230 0.088984 0.005912 0.014434 
0.183672 0.002093 0.000576 0.004340 0.081940 0.122631 0.004091 0.081087 0.005839 0.228683 0.035539 0.002694 0.015574 0.001203 0.000502 0.054977 0.065230 0.088984 0.005912 0.014434 
0.183672 0.002093 0.000576 0.004340 0.081940 0.122631 0.004091 0.081087 0.005839 0.228683 0.035539 0.002694 0.015574 0.001203 0.000502 0.054977 0.065230 0.088984 0.005912 0.014434 
0.028590 0.000170 0.046151 0.084215 0.002932 0.008296 0.010350 0.015714 0.352749 0.005873 0.000208 0.076457 0.005496 0.028241 0.205681 0.043635 0.061328 0.015827 0.002696 0.005392 
0.028590 0.000170 0.046151 0.084215 0.002932 0.008296 0.010350 0.015714 0.352749 0.005873 0.000208 0.076457 0.005496 0.028241 0.205681 0.043635 0.061328 0.015827 0.002696 0.005392 
0.028590 0.000170 0.046151 0.084215 0.002932 0.008296 0.010350 0.015714 0.352749 0.005873 0.000208 0.076457 0.005496 0.028241 0.205681 0.043635 0.061328 0.015827 0.002696 0.005392 
0.000000 0.000000 0.000000 0.000000 0.000000 0.000000 0.000000 0.000000 0.000000 0.000000 0.000000 0.000000 0.000000 0.000000 0.000000 0.000000 0.000000 0.000000 0.000000 0.000000 
