0	0	0	0	0	0	0	0	0	0	0	0	0	0	0	0	0	0	0	0
0.077	0.018	0.058	0.066	0.04	0.072	0.024	0.056	0.063	0.086	0.022	0.046	0.046	0.04	0.049	0.062	0.057	0.068	0.015	0.035
0.063	0.008	0.049	0.047	0.047	0.095	0.027	0.047	0.063	0.082	0.028	0.049	0.072	0.032	0.078	0.063	0.058	0.045	0.02	0.026
0.063	0.008	0.049	0.047	0.047	0.095	0.027	0.047	0.063	0.082	0.028	0.049	0.072	0.032	0.078	0.063	0.058	0.045	0.02	0.026
0.063	0.008	0.049	0.047	0.047	0.095	0.027	0.047	0.063	0.082	0.028	0.049	0.072	0.032	0.078	0.063	0.058	0.045	0.02	0.026
0.063	0.008	0.049	0.047	0.047	0.095	0.027	0.047	0.063	0.082	0.028	0.049	0.072	0.032	0.078	0.063	0.058	0.045	0.02	0.026
0.063	0.008	0.049	0.047	0.047	0.095	0.027	0.047	0.063	0.082	0.028	0.049	0.072	0.032	0.078	0.063	0.058	0.045	0.02	0.026
0.063	0.008	0.049	0.047	0.047	0.095	0.027	0.047	0.063	0.082	0.028	0.049	0.072	0.032	0.078	0.063	0.058	0.045	0.02	0.026
0.063	0.008	0.049	0.047	0.047	0.095	0.027	0.047	0.063	0.082	0.028	0.049	0.072	0.032	0.078	0.063	0.058	0.045	0.02	0.026
0.063	0.008	0.049	0.047	0.047	0.095	0.027	0.047	0.063	0.082	0.028	0.049	0.072	0.032	0.078	0.063	0.058	0.045	0.02	0.026
0.063	0.008	0.049	0.047	0.047	0.095	0.027	0.047	0.063	0.082	0.028	0.049	0.072	0.032	0.078	0.063	0.058	0.045	0.02	0.026
0.063	0.008	0.049	0.047	0.047	0.095	0.027	0.047	0.063	0.082	0.028	0.049	0.072	0.032	0.078	0.063	0.058	0.045	0.02	0.026
0.103	0.006	0.024	0.035	0.062	0.066	0.029	0.066	0.034	0.147	0.038	0.021	0.041	0.027	0.044	0.051	0.05	0.075	0.039	0.042
0.103	0.006	0.024	0.035	0.062	0.066	0.029	0.066	0.034	0.147	0.038	0.021	0.041	0.027	0.044	0.051	0.05	0.075	0.039	0.042
0.103	0.006	0.024	0.035	0.062	0.066	0.029	0.066	0.034	0.147	0.038	0.021	0.041	0.027	0.044	0.051	0.05	0.075	0.039	0.042
0.103	0.006	0.024	0.035	0.062	0.066	0.029	0.066	0.034	0.147	0.038	0.021	0.041	0.027	0.044	0.051	0.05	0.075	0.039	0.042
0.103	0.006	0.024	0.035	0.062	0.066	0.029	0.066	0.034	0.147	0.038	0.021	0.041	0.027	0.044	0.051	0.05	0.075	0.039	0.042
0.119	0.012	0.01	0.01	0.088	0.09	0.029	0.097	0.011	0.16	0.042	0.015	0.021	0.012	0.015	0.05	0.056	0.105	0.032	0.029
0.119	0.012	0.01	0.01	0.088	0.09	0.029	0.097	0.011	0.16	0.042	0.015	0.021	0.012	0.015	0.05	0.056	0.105	0.032	0.029
0.119	0.012	0.01	0.01	0.088	0.09	0.029	0.097	0.011	0.16	0.042	0.015	0.021	0.012	0.015	0.05	0.056	0.105	0.032	0.029
0.119	0.012	0.01	0.01	0.088	0.09	0.029	0.097	0.011	0.16	0.042	0.015	0.021	0.012	0.015	0.05	0.056	0.105	0.032	0.029
0.119	0.012	0.01	0.01	0.088	0.09	0.029	0.097	0.011	0.16	0.042	0.015	0.021	0.012	0.015	0.05	0.056	0.105	0.032	0.029
0.119	0.012	0.01	0.01	0.088	0.09	0.029	0.097	0.011	0.16	0.042	0.015	0.021	0.012	0.015	0.05	0.056	0.105	0.032	0.029
0.119	0.012	0.01	0.01	0.088	0.09	0.029	0.097	0.011	0.16	0.042	0.015	0.021	0.012	0.015	0.05	0.056	0.105	0.032	0.029
0.119	0.012	0.01	0.01	0.088	0.09	0.029	0.097	0.011	0.16	0.042	0.015	0.021	0.012	0.015	0.05	0.056	0.105	0.032	0.029
0.119	0.012	0.01	0.01	0.088	0.09	0.029	0.097	0.011	0.16	0.042	0.015	0.021	0.012	0.015	0.05	0.056	0.105	0.032	0.029
0.119	0.012	0.01	0.01	0.088	0.09	0.029	0.097	0.011	0.16	0.042	0.015	0.021	0.012	0.015	0.05	0.056	0.105	0.032	0.029
0.119	0.012	0.01	0.01	0.088	0.09	0.029	0.097	0.011	0.16	0.042	0.015	0.021	0.012	0.015	0.05	0.056	0.105	0.032	0.029
0.119	0.012	0.01	0.01	0.088	0.09	0.029	0.097	0.011	0.16	0.042	0.015	0.021	0.012	0.015	0.05	0.056	0.105	0.032	0.029
0.119	0.012	0.01	0.01	0.088	0.09	0.029	0.097	0.011	0.16	0.042	0.015	0.021	0.012	0.015	0.05	0.056	0.105	0.032	0.029
0.119	0.012	0.01	0.01	0.088	0.09	0.029	0.097	0.011	0.16	0.042	0.015	0.021	0.012	0.015	0.05	0.056	0.105	0.032	0.029
0.119	0.012	0.01	0.01	0.088	0.09	0.029	0.097	0.011	0.16	0.042	0.015	0.021	0.012	0.015	0.05	0.056	0.105	0.032	0.029
0.119	0.012	0.01	0.01	0.088	0.09	0.029	0.097	0.011	0.16	0.042	0.015	0.021	0.012	0.015	0.05	0.056	0.105	0.032	0.029
0.119	0.012	0.01	0.01	0.088	0.09	0.029	0.097	0.011	0.16	0.042	0.015	0.021	0.012	0.015	0.05	0.056	0.105	0.032	0.029
0.119	0.012	0.01	0.01	0.088	0.09	0.029	0.097	0.011	0.16	0.042	0.015	0.021	0.012	0.015	0.05	0.056	0.105	0.032	0.029
0.119	0.012	0.01	0.01	0.088	0.09	0.029	0.097	0.011	0.16	0.042	0.015	0.021	0.012	0.015	0.05	0.056	0.105	0.032	0.029
0.119	0.012	0.01	0.01	0.088	0.09	0.029	0.097	0.011	0.16	0.042	0.015	0.021	0.012	0.015	0.05	0.056	0.105	0.032	0.029
0.119	0.012	0.01	0.01	0.088	0.09	0.029	0.097	0.011	0.16	0.042	0.015	0.021	0.012	0.015	0.05	0.056	0.105	0.032	0.029
0.119	0.012	0.01	0.01	0.088	0.09	0.029	0.097	0.011	0.16	0.042	0.015	0.021	0.012	0.015	0.05	0.056	0.105	0.032	0.029
0.119	0.012	0.01	0.01	0.088	0.09	0.029	0.097	0.011	0.16	0.042	0.015	0.021	0.012	0.015	0.05	0.056	0.105	0.032	0.029
0.119	0.012	0.01	0.01	0.088	0.09	0.029	0.097	0.011	0.16	0.042	0.015	0.021	0.012	0.015	0.05	0.056	0.105	0.032	0.029
0.119	0.012	0.01	0.01	0.088	0.09	0.029	0.097	0.011	0.16	0.042	0.015	0.021	0.012	0.015	0.05	0.056	0.105	0.032	0.029
0.103	0.006	0.024	0.035	0.062	0.066	0.029	0.066	0.034	0.147	0.038	0.021	0.041	0.027	0.044	0.051	0.05	0.075	0.039	0.042
0.103	0.006	0.024	0.035	0.062	0.066	0.029	0.066	0.034	0.147	0.038	0.021	0.041	0.027	0.044	0.051	0.05	0.075	0.039	0.042
0.103	0.006	0.024	0.035	0.062	0.066	0.029	0.066	0.034	0.147	0.038	0.021	0.041	0.027	0.044	0.051	0.05	0.075	0.039	0.042
0.103	0.006	0.024	0.035	0.062	0.066	0.029	0.066	0.034	0.147	0.038	0.021	0.041	0.027	0.044	0.051	0.05	0.075	0.039	0.042
0.103	0.006	0.024	0.035	0.062	0.066	0.029	0.066	0.034	0.147	0.038	0.021	0.041	0.027	0.044	0.051	0.05	0.075	0.039	0.042
0.083	0.006	0.053	0.046	0.054	0.111	0.025	0.049	0.022	0.082	0.027	0.041	0.082	0.039	0.03	0.058	0.054	0.06	0.034	0.044
0.083	0.006	0.053	0.046	0.054	0.111	0.025	0.049	0.022	0.082	0.027	0.041	0.082	0.039	0.03	0.058	0.054	0.06	0.034	0.044
0.083	0.006	0.053	0.046	0.054	0.111	0.025	0.049	0.022	0.082	0.027	0.041	0.082	0.039	0.03	0.058	0.054	0.06	0.034	0.044
0.083	0.006	0.053	0.046	0.054	0.111	0.025	0.049	0.022	0.082	0.027	0.041	0.082	0.039	0.03	0.058	0.054	0.06	0.034	0.044
0.083	0.006	0.053	0.046	0.054	0.111	0.025	0.049	0.022	0.082	0.027	0.041	0.082	0.039	0.03	0.058	0.054	0.06	0.034	0.044
0.083	0.006	0.053	0.046	0.054	0.111	0.025	0.049	0.022	0.082	0.027	0.041	0.082	0.039	0.03	0.058	0.054	0.06	0.034	0.044
0.083	0.006	0.053	0.046	0.054	0.111	0.025	0.049	0.022	0.082	0.027	0.041	0.082	0.039	0.03	0.058	0.054	0.06	0.034	0.044
0.083	0.006	0.053	0.046	0.054	0.111	0.025	0.049	0.022	0.082	0.027	0.041	0.082	0.039	0.03	0.058	0.054	0.06	0.034	0.044
0.083	0.006	0.053	0.046	0.054	0.111	0.025	0.049	0.022	0.082	0.027	0.041	0.082	0.039	0.03	0.058	0.054	0.06	0.034	0.044
0.083	0.006	0.053	0.046	0.054	0.111	0.025	0.049	0.022	0.082	0.027	0.041	0.082	0.039	0.03	0.058	0.054	0.06	0.034	0.044
0.00077	0.00018	0.00058	0.00066	0.0004	0.00072	0.00024	0.00056	0.00063	0.00086	0.99022	0.00046	0.00046	0.0004	0.00049	0.00062	0.00057	0.00068	0.00015	0.00035
0.040572792	0.007159905	0.006205251	0.009069212	0.040095465	0.029116945	0.017183771	0.044868735	0.24725537	0.061097852	0.019093079	0.064439141	0.031980907	0.028162291	0.142720764	0.076849642	0.073031026	0.034844869	0.005727924	0.02052506
0.040572792	0.007159905	0.006205251	0.009069212	0.040095465	0.029116945	0.017183771	0.044868735	0.24725537	0.061097852	0.019093079	0.064439141	0.031980907	0.028162291	0.142720764	0.076849642	0.073031026	0.034844869	0.005727924	0.02052506
0.040572792	0.007159905	0.006205251	0.009069212	0.040095465	0.029116945	0.017183771	0.044868735	0.24725537	0.061097852	0.019093079	0.064439141	0.031980907	0.028162291	0.142720764	0.076849642	0.073031026	0.034844869	0.005727924	0.02052506
0.040572792	0.007159905	0.006205251	0.009069212	0.040095465	0.029116945	0.017183771	0.044868735	0.24725537	0.061097852	0.019093079	0.064439141	0.031980907	0.028162291	0.142720764	0.076849642	0.073031026	0.034844869	0.005727924	0.02052506
0.040572792	0.007159905	0.006205251	0.009069212	0.040095465	0.029116945	0.017183771	0.044868735	0.24725537	0.061097852	0.019093079	0.064439141	0.031980907	0.028162291	0.142720764	0.076849642	0.073031026	0.034844869	0.005727924	0.02052506
0.221345708	0.015777262	0.001160093	0.000928074	0.066821346	0.052204176	0.002088167	0.083526682	0.002088167	0.247795824	0.03387471	0.004640371	0.016473318	0.001392111	0.001856148	0.069837587	0.056148492	0.109048724	0.008584687	0.004408353
0.221345708	0.015777262	0.001160093	0.000928074	0.066821346	0.052204176	0.002088167	0.083526682	0.002088167	0.247795824	0.03387471	0.004640371	0.016473318	0.001392111	0.001856148	0.069837587	0.056148492	0.109048724	0.008584687	0.004408353
0.221345708	0.015777262	0.001160093	0.000928074	0.066821346	0.052204176	0.002088167	0.083526682	0.002088167	0.247795824	0.03387471	0.004640371	0.016473318	0.001392111	0.001856148	0.069837587	0.056148492	0.109048724	0.008584687	0.004408353
0.221345708	0.015777262	0.001160093	0.000928074	0.066821346	0.052204176	0.002088167	0.083526682	0.002088167	0.247795824	0.03387471	0.004640371	0.016473318	0.001392111	0.001856148	0.069837587	0.056148492	0.109048724	0.008584687	0.004408353
0.221345708	0.015777262	0.001160093	0.000928074	0.066821346	0.052204176	0.002088167	0.083526682	0.002088167	0.247795824	0.03387471	0.004640371	0.016473318	0.001392111	0.001856148	0.069837587	0.056148492	0.109048724	0.008584687	0.004408353
0.221345708	0.015777262	0.001160093	0.000928074	0.066821346	0.052204176	0.002088167	0.083526682	0.002088167	0.247795824	0.03387471	0.004640371	0.016473318	0.001392111	0.001856148	0.069837587	0.056148492	0.109048724	0.008584687	0.004408353
0.221345708	0.015777262	0.001160093	0.000928074	0.066821346	0.052204176	0.002088167	0.083526682	0.002088167	0.247795824	0.03387471	0.004640371	0.016473318	0.001392111	0.001856148	0.069837587	0.056148492	0.109048724	0.008584687	0.004408353
0.221345708	0.015777262	0.001160093	0.000928074	0.066821346	0.052204176	0.002088167	0.083526682	0.002088167	0.247795824	0.03387471	0.004640371	0.016473318	0.001392111	0.001856148	0.069837587	0.056148492	0.109048724	0.008584687	0.004408353
0.221345708	0.015777262	0.001160093	0.000928074	0.066821346	0.052204176	0.002088167	0.083526682	0.002088167	0.247795824	0.03387471	0.004640371	0.016473318	0.001392111	0.001856148	0.069837587	0.056148492	0.109048724	0.008584687	0.004408353
0.221345708	0.015777262	0.001160093	0.000928074	0.066821346	0.052204176	0.002088167	0.083526682	0.002088167	0.247795824	0.03387471	0.004640371	0.016473318	0.001392111	0.001856148	0.069837587	0.056148492	0.109048724	0.008584687	0.004408353
0.221345708	0.015777262	0.001160093	0.000928074	0.066821346	0.052204176	0.002088167	0.083526682	0.002088167	0.247795824	0.03387471	0.004640371	0.016473318	0.001392111	0.001856148	0.069837587	0.056148492	0.109048724	0.008584687	0.004408353
0.221345708	0.015777262	0.001160093	0.000928074	0.066821346	0.052204176	0.002088167	0.083526682	0.002088167	0.247795824	0.03387471	0.004640371	0.016473318	0.001392111	0.001856148	0.069837587	0.056148492	0.109048724	0.008584687	0.004408353
0.221345708	0.015777262	0.001160093	0.000928074	0.066821346	0.052204176	0.002088167	0.083526682	0.002088167	0.247795824	0.03387471	0.004640371	0.016473318	0.001392111	0.001856148	0.069837587	0.056148492	0.109048724	0.008584687	0.004408353
0.221345708	0.015777262	0.001160093	0.000928074	0.066821346	0.052204176	0.002088167	0.083526682	0.002088167	0.247795824	0.03387471	0.004640371	0.016473318	0.001392111	0.001856148	0.069837587	0.056148492	0.109048724	0.008584687	0.004408353
0.221345708	0.015777262	0.001160093	0.000928074	0.066821346	0.052204176	0.002088167	0.083526682	0.002088167	0.247795824	0.03387471	0.004640371	0.016473318	0.001392111	0.001856148	0.069837587	0.056148492	0.109048724	0.008584687	0.004408353
0.221345708	0.015777262	0.001160093	0.000928074	0.066821346	0.052204176	0.002088167	0.083526682	0.002088167	0.247795824	0.03387471	0.004640371	0.016473318	0.001392111	0.001856148	0.069837587	0.056148492	0.109048724	0.008584687	0.004408353
0.221345708	0.015777262	0.001160093	0.000928074	0.066821346	0.052204176	0.002088167	0.083526682	0.002088167	0.247795824	0.03387471	0.004640371	0.016473318	0.001392111	0.001856148	0.069837587	0.056148492	0.109048724	0.008584687	0.004408353
0.221345708	0.015777262	0.001160093	0.000928074	0.066821346	0.052204176	0.002088167	0.083526682	0.002088167	0.247795824	0.03387471	0.004640371	0.016473318	0.001392111	0.001856148	0.069837587	0.056148492	0.109048724	0.008584687	0.004408353
0.221345708	0.015777262	0.001160093	0.000928074	0.066821346	0.052204176	0.002088167	0.083526682	0.002088167	0.247795824	0.03387471	0.004640371	0.016473318	0.001392111	0.001856148	0.069837587	0.056148492	0.109048724	0.008584687	0.004408353
0.221345708	0.015777262	0.001160093	0.000928074	0.066821346	0.052204176	0.002088167	0.083526682	0.002088167	0.247795824	0.03387471	0.004640371	0.016473318	0.001392111	0.001856148	0.069837587	0.056148492	0.109048724	0.008584687	0.004408353
0.092222222	0.011111111	0.015	0.013333333	0.017777778	0.13	0.016111111	0.024444444	0.02	0.047222222	0.011111111	0.040555556	0.131666667	0.042222222	0.025555556	0.186111111	0.117222222	0.043888889	0.004444444	0.01
0.092222222	0.011111111	0.015	0.013333333	0.017777778	0.13	0.016111111	0.024444444	0.02	0.047222222	0.011111111	0.040555556	0.131666667	0.042222222	0.025555556	0.186111111	0.117222222	0.043888889	0.004444444	0.01
0.092222222	0.011111111	0.015	0.013333333	0.017777778	0.13	0.016111111	0.024444444	0.02	0.047222222	0.011111111	0.040555556	0.131666667	0.042222222	0.025555556	0.186111111	0.117222222	0.043888889	0.004444444	0.01
0.092222222	0.011111111	0.015	0.013333333	0.017777778	0.13	0.016111111	0.024444444	0.02	0.047222222	0.011111111	0.040555556	0.131666667	0.042222222	0.025555556	0.186111111	0.117222222	0.043888889	0.004444444	0.01
0.092222222	0.011111111	0.015	0.013333333	0.017777778	0.13	0.016111111	0.024444444	0.02	0.047222222	0.011111111	0.040555556	0.131666667	0.042222222	0.025555556	0.186111111	0.117222222	0.043888889	0.004444444	0.01
0.667364017	0.008368201	0.00209205	0.010460251	0.006276151	0.023012552	0.006276151	0.012552301	0	0.039748954	0	0.008368201	0.00209205	0.006276151	0.008368201	0.062761506	0.023012552	0.112970711	0	0
0.10041841	0.00209205	0.020920502	0.031380753	0.092050209	0.033472803	0.089958159	0.016736402	0.031380753	0.112970711	0.043933054	0.043933054	0.020920502	0.108786611	0.035564854	0.092050209	0.027196653	0.029288703	0.029288703	0.037656904
0.943514644	0	0	0.00209205	0	0.016736402	0	0	0.00209205	0	0	0	0	0.00209205	0.00209205	0.016736402	0.006276151	0.006276151	0	0.00209205
0.355648536	0	0.083682008	0.087866109	0.008368201	0.046025105	0.008368201	0.012552301	0.060669456	0.033472803	0.00209205	0.033472803	0.008368201	0.09832636	0.014644351	0.062761506	0.029288703	0.037656904	0.00209205	0.014644351
0.054393305	0.00209205	0.121338912	0.138075314	0.00209205	0.081589958	0.006276151	0.023012552	0.018828452	0.023012552	0.008368201	0.056485356	0.09623431	0.050209205	0.012552301	0.092050209	0.131799163	0.066945607	0.006276151	0.008368201
0.10251046	0.006276151	0.039748954	0.064853556	0.027196653	0.087866109	0.008368201	0.035564854	0.052301255	0.062761506	0.0041841	0.056485356	0.075313808	0.056485356	0.039748954	0.073221757	0.117154812	0.066945607	0	0.023012552
0.106694561	0.008368201	0.066945607	0.052301255	0.018828452	0.085774059	0.008368201	0.033472803	0.037656904	0.052301255	0.006276151	0.060669456	0.089958159	0.043933054	0.031380753	0.071129707	0.127615063	0.066945607	0.016736402	0.014644351
0.10251046	0.00209205	0.069037657	0.064853556	0.006276151	0.073221757	0.016736402	0.054393305	0.058577406	0.056485356	0.010460251	0.064853556	0.077405858	0.048117155	0.029288703	0.073221757	0.094142259	0.062761506	0.008368201	0.027196653
0.00077	0.00018	0.00058	0.00066	0.0004	0.00072	0.00024	0.00056	0.00063	0.00086	0.99022	0.00046	0.00046	0.0004	0.00049	0.00062	0.00057	0.00068	0.00015	0.00035
0.059964727	0.002645503	0.069664903	0.082010582	0.028218695	0.05026455	0.023809524	0.040564374	0.087301587	0.05643739	0.014991182	0.043209877	0.078483245	0.042328042	0.072310406	0.109347443	0.086419753	0.029982363	0.005291005	0.01675485
0.059964727	0.002645503	0.069664903	0.082010582	0.028218695	0.05026455	0.023809524	0.040564374	0.087301587	0.05643739	0.014991182	0.043209877	0.078483245	0.042328042	0.072310406	0.109347443	0.086419753	0.029982363	0.005291005	0.01675485
0.014084507	0.007042254	0.014084507	0.014084507	0.056338028	0	0.014084507	0.11971831	0.021126761	0.309859155	0.084507042	0.042253521	0.077464789	0.007042254	0.007042254	0.042253521	0.070422535	0.091549296	0.007042254	0
0.006666667	0	0.033333333	0.013333333	0.006666667	0.04	0.026666667	0	0.026666667	0	0	0.1	0	0.06	0.053333333	0.46	0.16	0	0	0.013333333
0	0	0	0	0	0	0	0	0	0	0	0	0	0	1	0	0	0	0	0
0	0	0	0	0	0	0	0	0	0	0	0	0	0	1	0	0	0	0	0
0.08	0	0.18	0.066666667	0.006666667	0.053333333	0.02	0	0.053333333	0.026666667	0	0.04	0	0.12	0.146666667	0.086666667	0.113333333	0.006666667	0	0
0.066666667	0.006666667	0	0	0.513333333	0	0	0.033333333	0	0.266666667	0.033333333	0	0	0	0	0	0	0.066666667	0.006666667	0.006666667
0.02	0	0	0	0.026666667	0	0	0.146666667	0	0.653333333	0.08	0	0	0	0	0	0.013333333	0.06	0	0
0.153333333	0.006666667	0	0	0.02	0.146666667	0	0.013333333	0.36	0.033333333	0.006666667	0.006666667	0	0.08	0.046666667	0.033333333	0.073333333	0.013333333	0.006666667	0
0.354524628	0.008018328	0.001718213	0.001718213	0.012600229	0.184421535	0.003436426	0.022909507	0.002863688	0.120847652	0.024054983	0.005727377	0.014318442	0.005727377	0.004581901	0.07674685	0.074455899	0.074455899	0.002863688	0.004009164
0.354524628	0.008018328	0.001718213	0.001718213	0.012600229	0.184421535	0.003436426	0.022909507	0.002863688	0.120847652	0.024054983	0.005727377	0.014318442	0.005727377	0.004581901	0.07674685	0.074455899	0.074455899	0.002863688	0.004009164
0.354524628	0.008018328	0.001718213	0.001718213	0.012600229	0.184421535	0.003436426	0.022909507	0.002863688	0.120847652	0.024054983	0.005727377	0.014318442	0.005727377	0.004581901	0.07674685	0.074455899	0.074455899	0.002863688	0.004009164
0.354524628	0.008018328	0.001718213	0.001718213	0.012600229	0.184421535	0.003436426	0.022909507	0.002863688	0.120847652	0.024054983	0.005727377	0.014318442	0.005727377	0.004581901	0.07674685	0.074455899	0.074455899	0.002863688	0.004009164
0.354524628	0.008018328	0.001718213	0.001718213	0.012600229	0.184421535	0.003436426	0.022909507	0.002863688	0.120847652	0.024054983	0.005727377	0.014318442	0.005727377	0.004581901	0.07674685	0.074455899	0.074455899	0.002863688	0.004009164
0.354524628	0.008018328	0.001718213	0.001718213	0.012600229	0.184421535	0.003436426	0.022909507	0.002863688	0.120847652	0.024054983	0.005727377	0.014318442	0.005727377	0.004581901	0.07674685	0.074455899	0.074455899	0.002863688	0.004009164
0.354524628	0.008018328	0.001718213	0.001718213	0.012600229	0.184421535	0.003436426	0.022909507	0.002863688	0.120847652	0.024054983	0.005727377	0.014318442	0.005727377	0.004581901	0.07674685	0.074455899	0.074455899	0.002863688	0.004009164
0.354524628	0.008018328	0.001718213	0.001718213	0.012600229	0.184421535	0.003436426	0.022909507	0.002863688	0.120847652	0.024054983	0.005727377	0.014318442	0.005727377	0.004581901	0.07674685	0.074455899	0.074455899	0.002863688	0.004009164
0.354524628	0.008018328	0.001718213	0.001718213	0.012600229	0.184421535	0.003436426	0.022909507	0.002863688	0.120847652	0.024054983	0.005727377	0.014318442	0.005727377	0.004581901	0.07674685	0.074455899	0.074455899	0.002863688	0.004009164
0.354524628	0.008018328	0.001718213	0.001718213	0.012600229	0.184421535	0.003436426	0.022909507	0.002863688	0.120847652	0.024054983	0.005727377	0.014318442	0.005727377	0.004581901	0.07674685	0.074455899	0.074455899	0.002863688	0.004009164
0.354524628	0.008018328	0.001718213	0.001718213	0.012600229	0.184421535	0.003436426	0.022909507	0.002863688	0.120847652	0.024054983	0.005727377	0.014318442	0.005727377	0.004581901	0.07674685	0.074455899	0.074455899	0.002863688	0.004009164
0.354524628	0.008018328	0.001718213	0.001718213	0.012600229	0.184421535	0.003436426	0.022909507	0.002863688	0.120847652	0.024054983	0.005727377	0.014318442	0.005727377	0.004581901	0.07674685	0.074455899	0.074455899	0.002863688	0.004009164
0.354524628	0.008018328	0.001718213	0.001718213	0.012600229	0.184421535	0.003436426	0.022909507	0.002863688	0.120847652	0.024054983	0.005727377	0.014318442	0.005727377	0.004581901	0.07674685	0.074455899	0.074455899	0.002863688	0.004009164
0.354524628	0.008018328	0.001718213	0.001718213	0.012600229	0.184421535	0.003436426	0.022909507	0.002863688	0.120847652	0.024054983	0.005727377	0.014318442	0.005727377	0.004581901	0.07674685	0.074455899	0.074455899	0.002863688	0.004009164
0.354524628	0.008018328	0.001718213	0.001718213	0.012600229	0.184421535	0.003436426	0.022909507	0.002863688	0.120847652	0.024054983	0.005727377	0.014318442	0.005727377	0.004581901	0.07674685	0.074455899	0.074455899	0.002863688	0.004009164
0.354524628	0.008018328	0.001718213	0.001718213	0.012600229	0.184421535	0.003436426	0.022909507	0.002863688	0.120847652	0.024054983	0.005727377	0.014318442	0.005727377	0.004581901	0.07674685	0.074455899	0.074455899	0.002863688	0.004009164
0.354524628	0.008018328	0.001718213	0.001718213	0.012600229	0.184421535	0.003436426	0.022909507	0.002863688	0.120847652	0.024054983	0.005727377	0.014318442	0.005727377	0.004581901	0.07674685	0.074455899	0.074455899	0.002863688	0.004009164
0.354524628	0.008018328	0.001718213	0.001718213	0.012600229	0.184421535	0.003436426	0.022909507	0.002863688	0.120847652	0.024054983	0.005727377	0.014318442	0.005727377	0.004581901	0.07674685	0.074455899	0.074455899	0.002863688	0.004009164
0.333333333	0	0	0.003333333	0.053333333	0.04	0	0.03	0	0.313333333	0.06	0	0	0	0.003333333	0.006666667	0.013333333	0.113333333	0.023333333	0.006666667
0.333333333	0	0	0.003333333	0.053333333	0.04	0	0.03	0	0.313333333	0.06	0	0	0	0.003333333	0.006666667	0.013333333	0.113333333	0.023333333	0.006666667
0.092222222	0.011111111	0.015	0.013333333	0.017777778	0.13	0.016111111	0.024444444	0.02	0.047222222	0.011111111	0.040555556	0.131666667	0.042222222	0.025555556	0.186111111	0.117222222	0.043888889	0.004444444	0.01
0.092222222	0.011111111	0.015	0.013333333	0.017777778	0.13	0.016111111	0.024444444	0.02	0.047222222	0.011111111	0.040555556	0.131666667	0.042222222	0.025555556	0.186111111	0.117222222	0.043888889	0.004444444	0.01
0.092222222	0.011111111	0.015	0.013333333	0.017777778	0.13	0.016111111	0.024444444	0.02	0.047222222	0.011111111	0.040555556	0.131666667	0.042222222	0.025555556	0.186111111	0.117222222	0.043888889	0.004444444	0.01
0.092222222	0.011111111	0.015	0.013333333	0.017777778	0.13	0.016111111	0.024444444	0.02	0.047222222	0.011111111	0.040555556	0.131666667	0.042222222	0.025555556	0.186111111	0.117222222	0.043888889	0.004444444	0.01
0.092222222	0.011111111	0.015	0.013333333	0.017777778	0.13	0.016111111	0.024444444	0.02	0.047222222	0.011111111	0.040555556	0.131666667	0.042222222	0.025555556	0.186111111	0.117222222	0.043888889	0.004444444	0.01
0.667364017	0.008368201	0.00209205	0.010460251	0.006276151	0.023012552	0.006276151	0.012552301	0	0.039748954	0	0.008368201	0.00209205	0.006276151	0.008368201	0.062761506	0.023012552	0.112970711	0	0
0.10041841	0.00209205	0.020920502	0.031380753	0.092050209	0.033472803	0.089958159	0.016736402	0.031380753	0.112970711	0.043933054	0.043933054	0.020920502	0.108786611	0.035564854	0.092050209	0.027196653	0.029288703	0.029288703	0.037656904
0.943514644	0	0	0.00209205	0	0.016736402	0	0	0.00209205	0	0	0	0	0.00209205	0.00209205	0.016736402	0.006276151	0.006276151	0	0.00209205
0.355648536	0	0.083682008	0.087866109	0.008368201	0.046025105	0.008368201	0.012552301	0.060669456	0.033472803	0.00209205	0.033472803	0.008368201	0.09832636	0.014644351	0.062761506	0.029288703	0.037656904	0.00209205	0.014644351
0.054393305	0.00209205	0.121338912	0.138075314	0.00209205	0.081589958	0.006276151	0.023012552	0.018828452	0.023012552	0.008368201	0.056485356	0.09623431	0.050209205	0.012552301	0.092050209	0.131799163	0.066945607	0.006276151	0.008368201
0.10251046	0.006276151	0.039748954	0.064853556	0.027196653	0.087866109	0.008368201	0.035564854	0.052301255	0.062761506	0.0041841	0.056485356	0.075313808	0.056485356	0.039748954	0.073221757	0.117154812	0.066945607	0	0.023012552
0.106694561	0.008368201	0.066945607	0.052301255	0.018828452	0.085774059	0.008368201	0.033472803	0.037656904	0.052301255	0.006276151	0.060669456	0.089958159	0.043933054	0.031380753	0.071129707	0.127615063	0.066945607	0.016736402	0.014644351
0.10251046	0.00209205	0.069037657	0.064853556	0.006276151	0.073221757	0.016736402	0.054393305	0.058577406	0.056485356	0.010460251	0.064853556	0.077405858	0.048117155	0.029288703	0.073221757	0.094142259	0.062761506	0.008368201	0.027196653
0.090745135	0.013146654	0.060560038	0.052396773	0.034693878	0.089273849	0.019553868	0.046511628	0.060322734	0.068485999	0.018177504	0.052349312	0.050071191	0.042667299	0.042002848	0.06459421	0.070574276	0.074418605	0.015946844	0.033507356
0	0	0	0	0	0	0	0	0	0	0	0	0	0	0	0	0	0	0	0
