0.000000 	0.000000 	0.000000 	0.000000 	0.000000 	0.000000 	0.000000 	0.000000 	0.000000 	0.000000 	0.000000 	0.000000 	0.000000 	0.000000 	0.000000 	0.000000 	0.000000 	0.000000 	0.000000 	0.000000 	
0.086149 	0.009991 	0.055331 	0.068801 	0.037247 	0.071943 	0.024750 	0.060186 	0.059921 	0.092820 	0.035435 	0.040258 	0.041476 	0.041989 	0.055621 	0.056410 	0.054473 	0.069254 	0.009987 	0.027957 	
0.070437 	0.004458 	0.033239 	0.045054 	0.051197 	0.068441 	0.028443 	0.047077 	0.087107 	0.084908 	0.042447 	0.044058 	0.042392 	0.037114 	0.099458 	0.070895 	0.049178 	0.039827 	0.030096 	0.024175 	
0.070437 	0.004458 	0.033239 	0.045054 	0.051197 	0.068441 	0.028443 	0.047077 	0.087107 	0.084908 	0.042447 	0.044058 	0.042392 	0.037114 	0.099458 	0.070895 	0.049178 	0.039827 	0.030096 	0.024175 	
0.070437 	0.004458 	0.033239 	0.045054 	0.051197 	0.068441 	0.028443 	0.047077 	0.087107 	0.084908 	0.042447 	0.044058 	0.042392 	0.037114 	0.099458 	0.070895 	0.049178 	0.039827 	0.030096 	0.024175 	
0.070437 	0.004458 	0.033239 	0.045054 	0.051197 	0.068441 	0.028443 	0.047077 	0.087107 	0.084908 	0.042447 	0.044058 	0.042392 	0.037114 	0.099458 	0.070895 	0.049178 	0.039827 	0.030096 	0.024175 	
0.070437 	0.004458 	0.033239 	0.045054 	0.051197 	0.068441 	0.028443 	0.047077 	0.087107 	0.084908 	0.042447 	0.044058 	0.042392 	0.037114 	0.099458 	0.070895 	0.049178 	0.039827 	0.030096 	0.024175 	
0.070437 	0.004458 	0.033239 	0.045054 	0.051197 	0.068441 	0.028443 	0.047077 	0.087107 	0.084908 	0.042447 	0.044058 	0.042392 	0.037114 	0.099458 	0.070895 	0.049178 	0.039827 	0.030096 	0.024175 	
0.070437 	0.004458 	0.033239 	0.045054 	0.051197 	0.068441 	0.028443 	0.047077 	0.087107 	0.084908 	0.042447 	0.044058 	0.042392 	0.037114 	0.099458 	0.070895 	0.049178 	0.039827 	0.030096 	0.024175 	
0.070437 	0.004458 	0.033239 	0.045054 	0.051197 	0.068441 	0.028443 	0.047077 	0.087107 	0.084908 	0.042447 	0.044058 	0.042392 	0.037114 	0.099458 	0.070895 	0.049178 	0.039827 	0.030096 	0.024175 	
0.070437 	0.004458 	0.033239 	0.045054 	0.051197 	0.068441 	0.028443 	0.047077 	0.087107 	0.084908 	0.042447 	0.044058 	0.042392 	0.037114 	0.099458 	0.070895 	0.049178 	0.039827 	0.030096 	0.024175 	
0.070437 	0.004458 	0.033239 	0.045054 	0.051197 	0.068441 	0.028443 	0.047077 	0.087107 	0.084908 	0.042447 	0.044058 	0.042392 	0.037114 	0.099458 	0.070895 	0.049178 	0.039827 	0.030096 	0.024175 	
0.105300 	0.006113 	0.020926 	0.008613 	0.073917 	0.088878 	0.007502 	0.101654 	0.066236 	0.160086 	0.027573 	0.010733 	0.026005 	0.022937 	0.016424 	0.043197 	0.052853 	0.097891 	0.032946 	0.030215 	
0.105300 	0.006113 	0.020926 	0.008613 	0.073917 	0.088878 	0.007502 	0.101654 	0.066236 	0.160086 	0.027573 	0.010733 	0.026005 	0.022937 	0.016424 	0.043197 	0.052853 	0.097891 	0.032946 	0.030215 	
0.105300 	0.006113 	0.020926 	0.008613 	0.073917 	0.088878 	0.007502 	0.101654 	0.066236 	0.160086 	0.027573 	0.010733 	0.026005 	0.022937 	0.016424 	0.043197 	0.052853 	0.097891 	0.032946 	0.030215 	
0.105300 	0.006113 	0.020926 	0.008613 	0.073917 	0.088878 	0.007502 	0.101654 	0.066236 	0.160086 	0.027573 	0.010733 	0.026005 	0.022937 	0.016424 	0.043197 	0.052853 	0.097891 	0.032946 	0.030215 	
0.105300 	0.006113 	0.020926 	0.008613 	0.073917 	0.088878 	0.007502 	0.101654 	0.066236 	0.160086 	0.027573 	0.010733 	0.026005 	0.022937 	0.016424 	0.043197 	0.052853 	0.097891 	0.032946 	0.030215 	
0.113580 	0.013593 	0.007626 	0.010635 	0.090784 	0.086690 	0.009251 	0.139554 	0.006575 	0.183188 	0.035723 	0.007682 	0.017010 	0.006205 	0.008937 	0.048901 	0.059337 	0.115634 	0.014649 	0.024447 	
0.113580 	0.013593 	0.007626 	0.010635 	0.090784 	0.086690 	0.009251 	0.139554 	0.006575 	0.183188 	0.035723 	0.007682 	0.017010 	0.006205 	0.008937 	0.048901 	0.059337 	0.115634 	0.014649 	0.024447 	
0.113580 	0.013593 	0.007626 	0.010635 	0.090784 	0.086690 	0.009251 	0.139554 	0.006575 	0.183188 	0.035723 	0.007682 	0.017010 	0.006205 	0.008937 	0.048901 	0.059337 	0.115634 	0.014649 	0.024447 	
0.113580 	0.013593 	0.007626 	0.010635 	0.090784 	0.086690 	0.009251 	0.139554 	0.006575 	0.183188 	0.035723 	0.007682 	0.017010 	0.006205 	0.008937 	0.048901 	0.059337 	0.115634 	0.014649 	0.024447 	
0.113580 	0.013593 	0.007626 	0.010635 	0.090784 	0.086690 	0.009251 	0.139554 	0.006575 	0.183188 	0.035723 	0.007682 	0.017010 	0.006205 	0.008937 	0.048901 	0.059337 	0.115634 	0.014649 	0.024447 	
0.113580 	0.013593 	0.007626 	0.010635 	0.090784 	0.086690 	0.009251 	0.139554 	0.006575 	0.183188 	0.035723 	0.007682 	0.017010 	0.006205 	0.008937 	0.048901 	0.059337 	0.115634 	0.014649 	0.024447 	
0.113580 	0.013593 	0.007626 	0.010635 	0.090784 	0.086690 	0.009251 	0.139554 	0.006575 	0.183188 	0.035723 	0.007682 	0.017010 	0.006205 	0.008937 	0.048901 	0.059337 	0.115634 	0.014649 	0.024447 	
0.113580 	0.013593 	0.007626 	0.010635 	0.090784 	0.086690 	0.009251 	0.139554 	0.006575 	0.183188 	0.035723 	0.007682 	0.017010 	0.006205 	0.008937 	0.048901 	0.059337 	0.115634 	0.014649 	0.024447 	
0.113580 	0.013593 	0.007626 	0.010635 	0.090784 	0.086690 	0.009251 	0.139554 	0.006575 	0.183188 	0.035723 	0.007682 	0.017010 	0.006205 	0.008937 	0.048901 	0.059337 	0.115634 	0.014649 	0.024447 	
0.113580 	0.013593 	0.007626 	0.010635 	0.090784 	0.086690 	0.009251 	0.139554 	0.006575 	0.183188 	0.035723 	0.007682 	0.017010 	0.006205 	0.008937 	0.048901 	0.059337 	0.115634 	0.014649 	0.024447 	
0.113580 	0.013593 	0.007626 	0.010635 	0.090784 	0.086690 	0.009251 	0.139554 	0.006575 	0.183188 	0.035723 	0.007682 	0.017010 	0.006205 	0.008937 	0.048901 	0.059337 	0.115634 	0.014649 	0.024447 	
0.113580 	0.013593 	0.007626 	0.010635 	0.090784 	0.086690 	0.009251 	0.139554 	0.006575 	0.183188 	0.035723 	0.007682 	0.017010 	0.006205 	0.008937 	0.048901 	0.059337 	0.115634 	0.014649 	0.024447 	
0.113580 	0.013593 	0.007626 	0.010635 	0.090784 	0.086690 	0.009251 	0.139554 	0.006575 	0.183188 	0.035723 	0.007682 	0.017010 	0.006205 	0.008937 	0.048901 	0.059337 	0.115634 	0.014649 	0.024447 	
0.113580 	0.013593 	0.007626 	0.010635 	0.090784 	0.086690 	0.009251 	0.139554 	0.006575 	0.183188 	0.035723 	0.007682 	0.017010 	0.006205 	0.008937 	0.048901 	0.059337 	0.115634 	0.014649 	0.024447 	
0.113580 	0.013593 	0.007626 	0.010635 	0.090784 	0.086690 	0.009251 	0.139554 	0.006575 	0.183188 	0.035723 	0.007682 	0.017010 	0.006205 	0.008937 	0.048901 	0.059337 	0.115634 	0.014649 	0.024447 	
0.113580 	0.013593 	0.007626 	0.010635 	0.090784 	0.086690 	0.009251 	0.139554 	0.006575 	0.183188 	0.035723 	0.007682 	0.017010 	0.006205 	0.008937 	0.048901 	0.059337 	0.115634 	0.014649 	0.024447 	
0.113580 	0.013593 	0.007626 	0.010635 	0.090784 	0.086690 	0.009251 	0.139554 	0.006575 	0.183188 	0.035723 	0.007682 	0.017010 	0.006205 	0.008937 	0.048901 	0.059337 	0.115634 	0.014649 	0.024447 	
0.113580 	0.013593 	0.007626 	0.010635 	0.090784 	0.086690 	0.009251 	0.139554 	0.006575 	0.183188 	0.035723 	0.007682 	0.017010 	0.006205 	0.008937 	0.048901 	0.059337 	0.115634 	0.014649 	0.024447 	
0.113580 	0.013593 	0.007626 	0.010635 	0.090784 	0.086690 	0.009251 	0.139554 	0.006575 	0.183188 	0.035723 	0.007682 	0.017010 	0.006205 	0.008937 	0.048901 	0.059337 	0.115634 	0.014649 	0.024447 	
0.113580 	0.013593 	0.007626 	0.010635 	0.090784 	0.086690 	0.009251 	0.139554 	0.006575 	0.183188 	0.035723 	0.007682 	0.017010 	0.006205 	0.008937 	0.048901 	0.059337 	0.115634 	0.014649 	0.024447 	
0.113580 	0.013593 	0.007626 	0.010635 	0.090784 	0.086690 	0.009251 	0.139554 	0.006575 	0.183188 	0.035723 	0.007682 	0.017010 	0.006205 	0.008937 	0.048901 	0.059337 	0.115634 	0.014649 	0.024447 	
0.113580 	0.013593 	0.007626 	0.010635 	0.090784 	0.086690 	0.009251 	0.139554 	0.006575 	0.183188 	0.035723 	0.007682 	0.017010 	0.006205 	0.008937 	0.048901 	0.059337 	0.115634 	0.014649 	0.024447 	
0.113580 	0.013593 	0.007626 	0.010635 	0.090784 	0.086690 	0.009251 	0.139554 	0.006575 	0.183188 	0.035723 	0.007682 	0.017010 	0.006205 	0.008937 	0.048901 	0.059337 	0.115634 	0.014649 	0.024447 	
0.113580 	0.013593 	0.007626 	0.010635 	0.090784 	0.086690 	0.009251 	0.139554 	0.006575 	0.183188 	0.035723 	0.007682 	0.017010 	0.006205 	0.008937 	0.048901 	0.059337 	0.115634 	0.014649 	0.024447 	
0.113580 	0.013593 	0.007626 	0.010635 	0.090784 	0.086690 	0.009251 	0.139554 	0.006575 	0.183188 	0.035723 	0.007682 	0.017010 	0.006205 	0.008937 	0.048901 	0.059337 	0.115634 	0.014649 	0.024447 	
0.106354 	0.004635 	0.011667 	0.008762 	0.084873 	0.075106 	0.017929 	0.113169 	0.007024 	0.160553 	0.043524 	0.016569 	0.042812 	0.014146 	0.007320 	0.064828 	0.039548 	0.104328 	0.038159 	0.038696 	
0.106354 	0.004635 	0.011667 	0.008762 	0.084873 	0.075106 	0.017929 	0.113169 	0.007024 	0.160553 	0.043524 	0.016569 	0.042812 	0.014146 	0.007320 	0.064828 	0.039548 	0.104328 	0.038159 	0.038696 	
0.106354 	0.004635 	0.011667 	0.008762 	0.084873 	0.075106 	0.017929 	0.113169 	0.007024 	0.160553 	0.043524 	0.016569 	0.042812 	0.014146 	0.007320 	0.064828 	0.039548 	0.104328 	0.038159 	0.038696 	
0.106354 	0.004635 	0.011667 	0.008762 	0.084873 	0.075106 	0.017929 	0.113169 	0.007024 	0.160553 	0.043524 	0.016569 	0.042812 	0.014146 	0.007320 	0.064828 	0.039548 	0.104328 	0.038159 	0.038696 	
0.106354 	0.004635 	0.011667 	0.008762 	0.084873 	0.075106 	0.017929 	0.113169 	0.007024 	0.160553 	0.043524 	0.016569 	0.042812 	0.014146 	0.007320 	0.064828 	0.039548 	0.104328 	0.038159 	0.038696 	
0.074962 	0.003539 	0.047097 	0.039198 	0.052563 	0.089827 	0.020022 	0.061197 	0.039723 	0.100920 	0.026797 	0.053866 	0.062845 	0.047900 	0.046610 	0.066595 	0.059579 	0.059379 	0.024184 	0.023196 	
0.074962 	0.003539 	0.047097 	0.039198 	0.052563 	0.089827 	0.020022 	0.061197 	0.039723 	0.100920 	0.026797 	0.053866 	0.062845 	0.047900 	0.046610 	0.066595 	0.059579 	0.059379 	0.024184 	0.023196 	
0.074962 	0.003539 	0.047097 	0.039198 	0.052563 	0.089827 	0.020022 	0.061197 	0.039723 	0.100920 	0.026797 	0.053866 	0.062845 	0.047900 	0.046610 	0.066595 	0.059579 	0.059379 	0.024184 	0.023196 	
0.074962 	0.003539 	0.047097 	0.039198 	0.052563 	0.089827 	0.020022 	0.061197 	0.039723 	0.100920 	0.026797 	0.053866 	0.062845 	0.047900 	0.046610 	0.066595 	0.059579 	0.059379 	0.024184 	0.023196 	
0.074962 	0.003539 	0.047097 	0.039198 	0.052563 	0.089827 	0.020022 	0.061197 	0.039723 	0.100920 	0.026797 	0.053866 	0.062845 	0.047900 	0.046610 	0.066595 	0.059579 	0.059379 	0.024184 	0.023196 	
0.074962 	0.003539 	0.047097 	0.039198 	0.052563 	0.089827 	0.020022 	0.061197 	0.039723 	0.100920 	0.026797 	0.053866 	0.062845 	0.047900 	0.046610 	0.066595 	0.059579 	0.059379 	0.024184 	0.023196 	
0.074962 	0.003539 	0.047097 	0.039198 	0.052563 	0.089827 	0.020022 	0.061197 	0.039723 	0.100920 	0.026797 	0.053866 	0.062845 	0.047900 	0.046610 	0.066595 	0.059579 	0.059379 	0.024184 	0.023196 	
0.074962 	0.003539 	0.047097 	0.039198 	0.052563 	0.089827 	0.020022 	0.061197 	0.039723 	0.100920 	0.026797 	0.053866 	0.062845 	0.047900 	0.046610 	0.066595 	0.059579 	0.059379 	0.024184 	0.023196 	
0.074962 	0.003539 	0.047097 	0.039198 	0.052563 	0.089827 	0.020022 	0.061197 	0.039723 	0.100920 	0.026797 	0.053866 	0.062845 	0.047900 	0.046610 	0.066595 	0.059579 	0.059379 	0.024184 	0.023196 	
0.074962 	0.003539 	0.047097 	0.039198 	0.052563 	0.089827 	0.020022 	0.061197 	0.039723 	0.100920 	0.026797 	0.053866 	0.062845 	0.047900 	0.046610 	0.066595 	0.059579 	0.059379 	0.024184 	0.023196 	
0.000770 	0.000180 	0.000580 	0.000660 	0.000400 	0.000720 	0.000240 	0.000560 	0.000630 	0.000860 	0.990220 	0.000460 	0.000460 	0.000400 	0.000490 	0.000620 	0.000570 	0.000680 	0.000150 	0.000350 	
0.044731 	0.003854 	0.006420 	0.009562 	0.047030 	0.024613 	0.019132 	0.061259 	0.227463 	0.078310 	0.020372 	0.061536 	0.031526 	0.026574 	0.132117 	0.066464 	0.065378 	0.041709 	0.012431 	0.019520 	
0.044731 	0.003854 	0.006420 	0.009562 	0.047030 	0.024613 	0.019132 	0.061259 	0.227463 	0.078310 	0.020372 	0.061536 	0.031526 	0.026574 	0.132117 	0.066464 	0.065378 	0.041709 	0.012431 	0.019520 	
0.044731 	0.003854 	0.006420 	0.009562 	0.047030 	0.024613 	0.019132 	0.061259 	0.227463 	0.078310 	0.020372 	0.061536 	0.031526 	0.026574 	0.132117 	0.066464 	0.065378 	0.041709 	0.012431 	0.019520 	
0.044731 	0.003854 	0.006420 	0.009562 	0.047030 	0.024613 	0.019132 	0.061259 	0.227463 	0.078310 	0.020372 	0.061536 	0.031526 	0.026574 	0.132117 	0.066464 	0.065378 	0.041709 	0.012431 	0.019520 	
0.044731 	0.003854 	0.006420 	0.009562 	0.047030 	0.024613 	0.019132 	0.061259 	0.227463 	0.078310 	0.020372 	0.061536 	0.031526 	0.026574 	0.132117 	0.066464 	0.065378 	0.041709 	0.012431 	0.019520 	
0.209690 	0.019864 	0.002061 	0.001580 	0.060988 	0.067306 	0.000852 	0.075219 	0.002492 	0.242273 	0.032677 	0.003709 	0.014903 	0.001546 	0.002041 	0.088002 	0.062870 	0.101846 	0.004805 	0.005277 	
0.209690 	0.019864 	0.002061 	0.001580 	0.060988 	0.067306 	0.000852 	0.075219 	0.002492 	0.242273 	0.032677 	0.003709 	0.014903 	0.001546 	0.002041 	0.088002 	0.062870 	0.101846 	0.004805 	0.005277 	
0.209690 	0.019864 	0.002061 	0.001580 	0.060988 	0.067306 	0.000852 	0.075219 	0.002492 	0.242273 	0.032677 	0.003709 	0.014903 	0.001546 	0.002041 	0.088002 	0.062870 	0.101846 	0.004805 	0.005277 	
0.209690 	0.019864 	0.002061 	0.001580 	0.060988 	0.067306 	0.000852 	0.075219 	0.002492 	0.242273 	0.032677 	0.003709 	0.014903 	0.001546 	0.002041 	0.088002 	0.062870 	0.101846 	0.004805 	0.005277 	
0.209690 	0.019864 	0.002061 	0.001580 	0.060988 	0.067306 	0.000852 	0.075219 	0.002492 	0.242273 	0.032677 	0.003709 	0.014903 	0.001546 	0.002041 	0.088002 	0.062870 	0.101846 	0.004805 	0.005277 	
0.209690 	0.019864 	0.002061 	0.001580 	0.060988 	0.067306 	0.000852 	0.075219 	0.002492 	0.242273 	0.032677 	0.003709 	0.014903 	0.001546 	0.002041 	0.088002 	0.062870 	0.101846 	0.004805 	0.005277 	
0.209690 	0.019864 	0.002061 	0.001580 	0.060988 	0.067306 	0.000852 	0.075219 	0.002492 	0.242273 	0.032677 	0.003709 	0.014903 	0.001546 	0.002041 	0.088002 	0.062870 	0.101846 	0.004805 	0.005277 	
0.209690 	0.019864 	0.002061 	0.001580 	0.060988 	0.067306 	0.000852 	0.075219 	0.002492 	0.242273 	0.032677 	0.003709 	0.014903 	0.001546 	0.002041 	0.088002 	0.062870 	0.101846 	0.004805 	0.005277 	
0.209690 	0.019864 	0.002061 	0.001580 	0.060988 	0.067306 	0.000852 	0.075219 	0.002492 	0.242273 	0.032677 	0.003709 	0.014903 	0.001546 	0.002041 	0.088002 	0.062870 	0.101846 	0.004805 	0.005277 	
0.209690 	0.019864 	0.002061 	0.001580 	0.060988 	0.067306 	0.000852 	0.075219 	0.002492 	0.242273 	0.032677 	0.003709 	0.014903 	0.001546 	0.002041 	0.088002 	0.062870 	0.101846 	0.004805 	0.005277 	
0.209690 	0.019864 	0.002061 	0.001580 	0.060988 	0.067306 	0.000852 	0.075219 	0.002492 	0.242273 	0.032677 	0.003709 	0.014903 	0.001546 	0.002041 	0.088002 	0.062870 	0.101846 	0.004805 	0.005277 	
0.209690 	0.019864 	0.002061 	0.001580 	0.060988 	0.067306 	0.000852 	0.075219 	0.002492 	0.242273 	0.032677 	0.003709 	0.014903 	0.001546 	0.002041 	0.088002 	0.062870 	0.101846 	0.004805 	0.005277 	
0.209690 	0.019864 	0.002061 	0.001580 	0.060988 	0.067306 	0.000852 	0.075219 	0.002492 	0.242273 	0.032677 	0.003709 	0.014903 	0.001546 	0.002041 	0.088002 	0.062870 	0.101846 	0.004805 	0.005277 	
0.209690 	0.019864 	0.002061 	0.001580 	0.060988 	0.067306 	0.000852 	0.075219 	0.002492 	0.242273 	0.032677 	0.003709 	0.014903 	0.001546 	0.002041 	0.088002 	0.062870 	0.101846 	0.004805 	0.005277 	
0.209690 	0.019864 	0.002061 	0.001580 	0.060988 	0.067306 	0.000852 	0.075219 	0.002492 	0.242273 	0.032677 	0.003709 	0.014903 	0.001546 	0.002041 	0.088002 	0.062870 	0.101846 	0.004805 	0.005277 	
0.209690 	0.019864 	0.002061 	0.001580 	0.060988 	0.067306 	0.000852 	0.075219 	0.002492 	0.242273 	0.032677 	0.003709 	0.014903 	0.001546 	0.002041 	0.088002 	0.062870 	0.101846 	0.004805 	0.005277 	
0.209690 	0.019864 	0.002061 	0.001580 	0.060988 	0.067306 	0.000852 	0.075219 	0.002492 	0.242273 	0.032677 	0.003709 	0.014903 	0.001546 	0.002041 	0.088002 	0.062870 	0.101846 	0.004805 	0.005277 	
0.209690 	0.019864 	0.002061 	0.001580 	0.060988 	0.067306 	0.000852 	0.075219 	0.002492 	0.242273 	0.032677 	0.003709 	0.014903 	0.001546 	0.002041 	0.088002 	0.062870 	0.101846 	0.004805 	0.005277 	
0.209690 	0.019864 	0.002061 	0.001580 	0.060988 	0.067306 	0.000852 	0.075219 	0.002492 	0.242273 	0.032677 	0.003709 	0.014903 	0.001546 	0.002041 	0.088002 	0.062870 	0.101846 	0.004805 	0.005277 	
0.209690 	0.019864 	0.002061 	0.001580 	0.060988 	0.067306 	0.000852 	0.075219 	0.002492 	0.242273 	0.032677 	0.003709 	0.014903 	0.001546 	0.002041 	0.088002 	0.062870 	0.101846 	0.004805 	0.005277 	
0.142292 	0.006303 	0.016212 	0.014527 	0.023681 	0.094890 	0.015907 	0.027217 	0.020804 	0.054248 	0.015832 	0.042446 	0.131390 	0.042673 	0.026222 	0.148134 	0.101174 	0.059085 	0.006778 	0.010184 	
0.142292 	0.006303 	0.016212 	0.014527 	0.023681 	0.094890 	0.015907 	0.027217 	0.020804 	0.054248 	0.015832 	0.042446 	0.131390 	0.042673 	0.026222 	0.148134 	0.101174 	0.059085 	0.006778 	0.010184 	
0.142292 	0.006303 	0.016212 	0.014527 	0.023681 	0.094890 	0.015907 	0.027217 	0.020804 	0.054248 	0.015832 	0.042446 	0.131390 	0.042673 	0.026222 	0.148134 	0.101174 	0.059085 	0.006778 	0.010184 	
0.142292 	0.006303 	0.016212 	0.014527 	0.023681 	0.094890 	0.015907 	0.027217 	0.020804 	0.054248 	0.015832 	0.042446 	0.131390 	0.042673 	0.026222 	0.148134 	0.101174 	0.059085 	0.006778 	0.010184 	
0.142292 	0.006303 	0.016212 	0.014527 	0.023681 	0.094890 	0.015907 	0.027217 	0.020804 	0.054248 	0.015832 	0.042446 	0.131390 	0.042673 	0.026222 	0.148134 	0.101174 	0.059085 	0.006778 	0.010184 	
0.669338 	0.008368 	0.002092 	0.010460 	0.006276 	0.023013 	0.006276 	0.012552 	0.000000 	0.037775 	0.000000 	0.008368 	0.002092 	0.006276 	0.008368 	0.062762 	0.023013 	0.112971 	0.000000 	0.000000 	
0.100418 	0.002092 	0.020921 	0.029407 	0.095997 	0.033473 	0.089958 	0.016736 	0.031381 	0.112971 	0.043933 	0.043933 	0.020921 	0.108787 	0.033591 	0.092050 	0.027197 	0.029289 	0.029289 	0.037657 	
0.943515 	0.000000 	0.000000 	0.002092 	0.000000 	0.016736 	0.000000 	0.000000 	0.002092 	0.000000 	0.000000 	0.000000 	0.000000 	0.002092 	0.002092 	0.016736 	0.006276 	0.006276 	0.000000 	0.002092 	
0.350488 	0.000333 	0.085143 	0.087461 	0.008954 	0.046506 	0.008658 	0.013357 	0.058776 	0.032508 	0.002461 	0.033705 	0.011002 	0.097246 	0.015281 	0.062747 	0.029802 	0.038219 	0.002331 	0.015021 	
0.054812 	0.002387 	0.120166 	0.138678 	0.002794 	0.081412 	0.006604 	0.023623 	0.019646 	0.024179 	0.006684 	0.056291 	0.097241 	0.050020 	0.013227 	0.091494 	0.128477 	0.066965 	0.006438 	0.008861 	
0.102038 	0.006493 	0.040087 	0.064875 	0.027434 	0.085635 	0.008658 	0.035943 	0.052499 	0.065129 	0.004514 	0.056291 	0.074771 	0.056180 	0.039920 	0.073014 	0.114104 	0.068902 	0.000278 	0.023235 	
0.106145 	0.008547 	0.066780 	0.054492 	0.019221 	0.085519 	0.008658 	0.033890 	0.038126 	0.052925 	0.006567 	0.060398 	0.087207 	0.043860 	0.031707 	0.070961 	0.126307 	0.066965 	0.016704 	0.015021 	
0.103975 	0.002387 	0.068833 	0.064875 	0.006901 	0.073199 	0.016871 	0.054423 	0.058659 	0.057032 	0.010674 	0.064504 	0.076824 	0.047967 	0.029654 	0.073014 	0.093454 	0.062859 	0.008491 	0.025404 	
0.000770 	0.000180 	0.000580 	0.000660 	0.000400 	0.000720 	0.000240 	0.000560 	0.000630 	0.000860 	0.990220 	0.000460 	0.000460 	0.000400 	0.000490 	0.000620 	0.000570 	0.000680 	0.000150 	0.000350 	
0.060470 	0.002938 	0.069670 	0.081974 	0.028526 	0.050826 	0.023080 	0.040160 	0.087128 	0.057164 	0.015168 	0.043398 	0.078131 	0.042419 	0.072108 	0.108817 	0.084606 	0.030781 	0.005488 	0.017146 	
0.060470 	0.002938 	0.069670 	0.081974 	0.028526 	0.050826 	0.023080 	0.040160 	0.087128 	0.057164 	0.015168 	0.043398 	0.078131 	0.042419 	0.072108 	0.108817 	0.084606 	0.030781 	0.005488 	0.017146 	
0.015250 	0.007245 	0.014900 	0.015046 	0.056035 	0.001333 	0.020700 	0.125056 	0.015471 	0.293435 	0.083350 	0.042323 	0.076880 	0.007653 	0.007816 	0.042621 	0.075935 	0.091113 	0.007190 	0.000648 	
0.007969 	0.000333 	0.033787 	0.014309 	0.007284 	0.040593 	0.026617 	0.001037 	0.033428 	0.013216 	0.000407 	0.099000 	0.000852 	0.059629 	0.029378 	0.452627 	0.164262 	0.001259 	0.000278 	0.013735 	
0.000000 	0.000000 	0.000000 	0.000000 	0.000000 	0.000000 	0.000000 	0.000000 	0.000000 	0.000000 	0.000000 	0.000000 	0.000000 	0.000000 	1.000000 	0.000000 	0.000000 	0.000000 	0.000000 	0.000000 	
0.000000 	0.000000 	0.000000 	0.000000 	0.000000 	0.000000 	0.000000 	0.000000 	0.000000 	0.000000 	0.000000 	0.000000 	0.000000 	0.000000 	1.000000 	0.000000 	0.000000 	0.000000 	0.000000 	0.000000 	
0.068156 	0.000000 	0.180000 	0.066667 	0.000383 	0.053333 	0.020000 	0.000000 	0.053333 	0.020469 	0.000000 	0.040000 	0.000000 	0.120000 	0.170992 	0.086667 	0.113333 	0.006667 	0.000000 	0.000000 	
0.072315 	0.006877 	0.001074 	0.001222 	0.510735 	0.001333 	0.000444 	0.033755 	0.001167 	0.257865 	0.033123 	0.000852 	0.000852 	0.000741 	0.000907 	0.001148 	0.001056 	0.066691 	0.006821 	0.001021 	
0.021135 	0.000333 	0.001074 	0.001222 	0.026914 	0.001334 	0.000444 	0.144986 	0.001167 	0.654368 	0.078926 	0.000852 	0.000852 	0.000744 	0.000907 	0.001148 	0.007972 	0.048525 	0.000278 	0.006818 	
0.108096 	0.006150 	0.019593 	0.006669 	0.071584 	0.093360 	0.005891 	0.098728 	0.084347 	0.153771 	0.025832 	0.009937 	0.023728 	0.025882 	0.016572 	0.042216 	0.054149 	0.094465 	0.031149 	0.027881 	
0.363247 	0.009146 	0.001972 	0.003011 	0.013795 	0.180322 	0.003790 	0.021010 	0.004153 	0.114886 	0.026066 	0.004772 	0.011140 	0.005323 	0.005180 	0.075231 	0.076473 	0.073094 	0.003176 	0.004215 	
0.363247 	0.009146 	0.001972 	0.003011 	0.013795 	0.180322 	0.003790 	0.021010 	0.004153 	0.114886 	0.026066 	0.004772 	0.011140 	0.005323 	0.005180 	0.075231 	0.076473 	0.073094 	0.003176 	0.004215 	
0.363247 	0.009146 	0.001972 	0.003011 	0.013795 	0.180322 	0.003790 	0.021010 	0.004153 	0.114886 	0.026066 	0.004772 	0.011140 	0.005323 	0.005180 	0.075231 	0.076473 	0.073094 	0.003176 	0.004215 	
0.363247 	0.009146 	0.001972 	0.003011 	0.013795 	0.180322 	0.003790 	0.021010 	0.004153 	0.114886 	0.026066 	0.004772 	0.011140 	0.005323 	0.005180 	0.075231 	0.076473 	0.073094 	0.003176 	0.004215 	
0.363247 	0.009146 	0.001972 	0.003011 	0.013795 	0.180322 	0.003790 	0.021010 	0.004153 	0.114886 	0.026066 	0.004772 	0.011140 	0.005323 	0.005180 	0.075231 	0.076473 	0.073094 	0.003176 	0.004215 	
0.363247 	0.009146 	0.001972 	0.003011 	0.013795 	0.180322 	0.003790 	0.021010 	0.004153 	0.114886 	0.026066 	0.004772 	0.011140 	0.005323 	0.005180 	0.075231 	0.076473 	0.073094 	0.003176 	0.004215 	
0.363247 	0.009146 	0.001972 	0.003011 	0.013795 	0.180322 	0.003790 	0.021010 	0.004153 	0.114886 	0.026066 	0.004772 	0.011140 	0.005323 	0.005180 	0.075231 	0.076473 	0.073094 	0.003176 	0.004215 	
0.363247 	0.009146 	0.001972 	0.003011 	0.013795 	0.180322 	0.003790 	0.021010 	0.004153 	0.114886 	0.026066 	0.004772 	0.011140 	0.005323 	0.005180 	0.075231 	0.076473 	0.073094 	0.003176 	0.004215 	
0.363247 	0.009146 	0.001972 	0.003011 	0.013795 	0.180322 	0.003790 	0.021010 	0.004153 	0.114886 	0.026066 	0.004772 	0.011140 	0.005323 	0.005180 	0.075231 	0.076473 	0.073094 	0.003176 	0.004215 	
0.363247 	0.009146 	0.001972 	0.003011 	0.013795 	0.180322 	0.003790 	0.021010 	0.004153 	0.114886 	0.026066 	0.004772 	0.011140 	0.005323 	0.005180 	0.075231 	0.076473 	0.073094 	0.003176 	0.004215 	
0.363247 	0.009146 	0.001972 	0.003011 	0.013795 	0.180322 	0.003790 	0.021010 	0.004153 	0.114886 	0.026066 	0.004772 	0.011140 	0.005323 	0.005180 	0.075231 	0.076473 	0.073094 	0.003176 	0.004215 	
0.363247 	0.009146 	0.001972 	0.003011 	0.013795 	0.180322 	0.003790 	0.021010 	0.004153 	0.114886 	0.026066 	0.004772 	0.011140 	0.005323 	0.005180 	0.075231 	0.076473 	0.073094 	0.003176 	0.004215 	
0.363247 	0.009146 	0.001972 	0.003011 	0.013795 	0.180322 	0.003790 	0.021010 	0.004153 	0.114886 	0.026066 	0.004772 	0.011140 	0.005323 	0.005180 	0.075231 	0.076473 	0.073094 	0.003176 	0.004215 	
0.363247 	0.009146 	0.001972 	0.003011 	0.013795 	0.180322 	0.003790 	0.021010 	0.004153 	0.114886 	0.026066 	0.004772 	0.011140 	0.005323 	0.005180 	0.075231 	0.076473 	0.073094 	0.003176 	0.004215 	
0.363247 	0.009146 	0.001972 	0.003011 	0.013795 	0.180322 	0.003790 	0.021010 	0.004153 	0.114886 	0.026066 	0.004772 	0.011140 	0.005323 	0.005180 	0.075231 	0.076473 	0.073094 	0.003176 	0.004215 	
0.363247 	0.009146 	0.001972 	0.003011 	0.013795 	0.180322 	0.003790 	0.021010 	0.004153 	0.114886 	0.026066 	0.004772 	0.011140 	0.005323 	0.005180 	0.075231 	0.076473 	0.073094 	0.003176 	0.004215 	
0.363247 	0.009146 	0.001972 	0.003011 	0.013795 	0.180322 	0.003790 	0.021010 	0.004153 	0.114886 	0.026066 	0.004772 	0.011140 	0.005323 	0.005180 	0.075231 	0.076473 	0.073094 	0.003176 	0.004215 	
0.363247 	0.009146 	0.001972 	0.003011 	0.013795 	0.180322 	0.003790 	0.021010 	0.004153 	0.114886 	0.026066 	0.004772 	0.011140 	0.005323 	0.005180 	0.075231 	0.076473 	0.073094 	0.003176 	0.004215 	
0.211109 	0.000000 	0.000000 	0.002750 	0.044275 	0.138249 	0.000000 	0.034129 	0.000000 	0.328016 	0.035654 	0.000000 	0.000000 	0.000000 	0.000273 	0.029037 	0.042167 	0.113712 	0.014802 	0.005828 	
0.211109 	0.000000 	0.000000 	0.002750 	0.044275 	0.138249 	0.000000 	0.034129 	0.000000 	0.328016 	0.035654 	0.000000 	0.000000 	0.000000 	0.000273 	0.029037 	0.042167 	0.113712 	0.014802 	0.005828 	
0.142292 	0.006303 	0.016212 	0.014527 	0.023681 	0.094890 	0.015907 	0.027217 	0.020804 	0.054248 	0.015832 	0.042446 	0.131390 	0.042673 	0.026222 	0.148134 	0.101174 	0.059085 	0.006778 	0.010184 	
0.142292 	0.006303 	0.016212 	0.014527 	0.023681 	0.094890 	0.015907 	0.027217 	0.020804 	0.054248 	0.015832 	0.042446 	0.131390 	0.042673 	0.026222 	0.148134 	0.101174 	0.059085 	0.006778 	0.010184 	
0.142292 	0.006303 	0.016212 	0.014527 	0.023681 	0.094890 	0.015907 	0.027217 	0.020804 	0.054248 	0.015832 	0.042446 	0.131390 	0.042673 	0.026222 	0.148134 	0.101174 	0.059085 	0.006778 	0.010184 	
0.142292 	0.006303 	0.016212 	0.014527 	0.023681 	0.094890 	0.015907 	0.027217 	0.020804 	0.054248 	0.015832 	0.042446 	0.131390 	0.042673 	0.026222 	0.148134 	0.101174 	0.059085 	0.006778 	0.010184 	
0.142292 	0.006303 	0.016212 	0.014527 	0.023681 	0.094890 	0.015907 	0.027217 	0.020804 	0.054248 	0.015832 	0.042446 	0.131390 	0.042673 	0.026222 	0.148134 	0.101174 	0.059085 	0.006778 	0.010184 	
0.669338 	0.008368 	0.002092 	0.010460 	0.006276 	0.023013 	0.006276 	0.012552 	0.000000 	0.037775 	0.000000 	0.008368 	0.002092 	0.006276 	0.008368 	0.062762 	0.023013 	0.112971 	0.000000 	0.000000 	
0.100418 	0.002092 	0.020921 	0.029407 	0.095997 	0.033473 	0.089958 	0.016736 	0.031381 	0.112971 	0.043933 	0.043933 	0.020921 	0.108787 	0.033591 	0.092050 	0.027197 	0.029289 	0.029289 	0.037657 	
0.943515 	0.000000 	0.000000 	0.002092 	0.000000 	0.016736 	0.000000 	0.000000 	0.002092 	0.000000 	0.000000 	0.000000 	0.000000 	0.002092 	0.002092 	0.016736 	0.006276 	0.006276 	0.000000 	0.002092 	
0.350488 	0.000333 	0.085143 	0.087461 	0.008954 	0.046506 	0.008658 	0.013357 	0.058776 	0.032508 	0.002461 	0.033705 	0.011002 	0.097246 	0.015281 	0.062747 	0.029802 	0.038219 	0.002331 	0.015021 	
0.054812 	0.002387 	0.120166 	0.138678 	0.002794 	0.081412 	0.006604 	0.023623 	0.019646 	0.024179 	0.006684 	0.056291 	0.097241 	0.050020 	0.013227 	0.091494 	0.128477 	0.066965 	0.006438 	0.008861 	
0.102038 	0.006493 	0.040087 	0.064875 	0.027434 	0.085635 	0.008658 	0.035943 	0.052499 	0.065129 	0.004514 	0.056291 	0.074771 	0.056180 	0.039920 	0.073014 	0.114104 	0.068902 	0.000278 	0.023235 	
0.106145 	0.008547 	0.066780 	0.054492 	0.019221 	0.085519 	0.008658 	0.033890 	0.038126 	0.052925 	0.006567 	0.060398 	0.087207 	0.043860 	0.031707 	0.070961 	0.126307 	0.066965 	0.016704 	0.015021 	
0.103975 	0.002387 	0.068833 	0.064875 	0.006901 	0.073199 	0.016871 	0.054423 	0.058659 	0.057032 	0.010674 	0.064504 	0.076824 	0.047967 	0.029654 	0.073014 	0.093454 	0.062859 	0.008491 	0.025404 	
0.091051 	0.012941 	0.059753 	0.052958 	0.034483 	0.088417 	0.019389 	0.046676 	0.059748 	0.069450 	0.018427 	0.051864 	0.049870 	0.043409 	0.042267 	0.064717 	0.070599 	0.074664 	0.016138 	0.033179 	
0.000000 	0.000000 	0.000000 	0.000000 	0.000000 	0.000000 	0.000000 	0.000000 	0.000000 	0.000000 	0.000000 	0.000000 	0.000000 	0.000000 	0.000000 	0.000000 	0.000000 	0.000000 	0.000000 	0.000000 	
