0.000000 	0.000000 	0.000000 	0.000000 	0.000000 	0.000000 	0.000000 	0.000000 	0.000000 	0.000000 	0.000000 	0.000000 	0.000000 	0.000000 	0.000000 	0.000000 	0.000000 	0.000000 	0.000000 	0.000000 	0.000000 	0.000000 	0.000000 	0.000000 	0.000000 	0.000000 	0.000000 	0.000000 	0.000000 	0.000000 	0.000000 	0.000000 	0.000000 	0.000000 	0.000000 	0.000000 	0.000000 	0.000000 	0.000000 	0.000000 	
0.039920 	0.046229 	0.005191 	0.004800 	0.026773 	0.028557 	0.030507 	0.038295 	0.015447 	0.021799 	0.032165 	0.039779 	0.011070 	0.013680 	0.025438 	0.034748 	0.026088 	0.033833 	0.041385 	0.051435 	0.024309 	0.011126 	0.018846 	0.021413 	0.018324 	0.023153 	0.018667 	0.023322 	0.025048 	0.030573 	0.027922 	0.028488 	0.025649 	0.028825 	0.031059 	0.038195 	0.004036 	0.005950 	0.011869 	0.016089 	
0.026017 	0.044419 	0.001125 	0.003333 	0.017356 	0.015884 	0.011486 	0.033568 	0.020814 	0.030383 	0.035693 	0.032749 	0.010541 	0.017902 	0.018754 	0.028323 	0.041345 	0.045762 	0.040614 	0.044294 	0.031897 	0.010550 	0.021661 	0.022397 	0.018620 	0.023772 	0.013036 	0.024078 	0.038688 	0.060770 	0.029559 	0.041336 	0.024957 	0.024221 	0.019545 	0.020282 	0.018360 	0.011736 	0.010615 	0.013560 	
0.026017 	0.044419 	0.001125 	0.003333 	0.017356 	0.015884 	0.011486 	0.033568 	0.020814 	0.030383 	0.035693 	0.032749 	0.010541 	0.017902 	0.018754 	0.028323 	0.041345 	0.045762 	0.040614 	0.044294 	0.031897 	0.010550 	0.021661 	0.022397 	0.018620 	0.023772 	0.013036 	0.024078 	0.038688 	0.060770 	0.029559 	0.041336 	0.024957 	0.024221 	0.019545 	0.020282 	0.018360 	0.011736 	0.010615 	0.013560 	
0.026017 	0.044419 	0.001125 	0.003333 	0.017356 	0.015884 	0.011486 	0.033568 	0.020814 	0.030383 	0.035693 	0.032749 	0.010541 	0.017902 	0.018754 	0.028323 	0.041345 	0.045762 	0.040614 	0.044294 	0.031897 	0.010550 	0.021661 	0.022397 	0.018620 	0.023772 	0.013036 	0.024078 	0.038688 	0.060770 	0.029559 	0.041336 	0.024957 	0.024221 	0.019545 	0.020282 	0.018360 	0.011736 	0.010615 	0.013560 	
0.026017 	0.044419 	0.001125 	0.003333 	0.017356 	0.015884 	0.011486 	0.033568 	0.020814 	0.030383 	0.035693 	0.032749 	0.010541 	0.017902 	0.018754 	0.028323 	0.041345 	0.045762 	0.040614 	0.044294 	0.031897 	0.010550 	0.021661 	0.022397 	0.018620 	0.023772 	0.013036 	0.024078 	0.038688 	0.060770 	0.029559 	0.041336 	0.024957 	0.024221 	0.019545 	0.020282 	0.018360 	0.011736 	0.010615 	0.013560 	
0.026017 	0.044419 	0.001125 	0.003333 	0.017356 	0.015884 	0.011486 	0.033568 	0.020814 	0.030383 	0.035693 	0.032749 	0.010541 	0.017902 	0.018754 	0.028323 	0.041345 	0.045762 	0.040614 	0.044294 	0.031897 	0.010550 	0.021661 	0.022397 	0.018620 	0.023772 	0.013036 	0.024078 	0.038688 	0.060770 	0.029559 	0.041336 	0.024957 	0.024221 	0.019545 	0.020282 	0.018360 	0.011736 	0.010615 	0.013560 	
0.026017 	0.044419 	0.001125 	0.003333 	0.017356 	0.015884 	0.011486 	0.033568 	0.020814 	0.030383 	0.035693 	0.032749 	0.010541 	0.017902 	0.018754 	0.028323 	0.041345 	0.045762 	0.040614 	0.044294 	0.031897 	0.010550 	0.021661 	0.022397 	0.018620 	0.023772 	0.013036 	0.024078 	0.038688 	0.060770 	0.029559 	0.041336 	0.024957 	0.024221 	0.019545 	0.020282 	0.018360 	0.011736 	0.010615 	0.013560 	
0.026017 	0.044419 	0.001125 	0.003333 	0.017356 	0.015884 	0.011486 	0.033568 	0.020814 	0.030383 	0.035693 	0.032749 	0.010541 	0.017902 	0.018754 	0.028323 	0.041345 	0.045762 	0.040614 	0.044294 	0.031897 	0.010550 	0.021661 	0.022397 	0.018620 	0.023772 	0.013036 	0.024078 	0.038688 	0.060770 	0.029559 	0.041336 	0.024957 	0.024221 	0.019545 	0.020282 	0.018360 	0.011736 	0.010615 	0.013560 	
0.026017 	0.044419 	0.001125 	0.003333 	0.017356 	0.015884 	0.011486 	0.033568 	0.020814 	0.030383 	0.035693 	0.032749 	0.010541 	0.017902 	0.018754 	0.028323 	0.041345 	0.045762 	0.040614 	0.044294 	0.031897 	0.010550 	0.021661 	0.022397 	0.018620 	0.023772 	0.013036 	0.024078 	0.038688 	0.060770 	0.029559 	0.041336 	0.024957 	0.024221 	0.019545 	0.020282 	0.018360 	0.011736 	0.010615 	0.013560 	
0.026017 	0.044419 	0.001125 	0.003333 	0.017356 	0.015884 	0.011486 	0.033568 	0.020814 	0.030383 	0.035693 	0.032749 	0.010541 	0.017902 	0.018754 	0.028323 	0.041345 	0.045762 	0.040614 	0.044294 	0.031897 	0.010550 	0.021661 	0.022397 	0.018620 	0.023772 	0.013036 	0.024078 	0.038688 	0.060770 	0.029559 	0.041336 	0.024957 	0.024221 	0.019545 	0.020282 	0.018360 	0.011736 	0.010615 	0.013560 	
0.026017 	0.044419 	0.001125 	0.003333 	0.017356 	0.015884 	0.011486 	0.033568 	0.020814 	0.030383 	0.035693 	0.032749 	0.010541 	0.017902 	0.018754 	0.028323 	0.041345 	0.045762 	0.040614 	0.044294 	0.031897 	0.010550 	0.021661 	0.022397 	0.018620 	0.023772 	0.013036 	0.024078 	0.038688 	0.060770 	0.029559 	0.041336 	0.024957 	0.024221 	0.019545 	0.020282 	0.018360 	0.011736 	0.010615 	0.013560 	
0.078801 	0.026450 	0.005780 	0.000333 	0.014276 	0.006650 	0.004851 	0.003762 	0.044576 	0.029326 	0.066770 	0.022108 	0.002117 	0.005385 	0.060086 	0.041568 	0.063619 	0.002617 	0.100740 	0.059346 	0.019778 	0.007795 	0.004277 	0.006456 	0.017905 	0.008101 	0.020728 	0.002210 	0.013658 	0.002765 	0.029224 	0.013973 	0.040043 	0.012810 	0.071277 	0.026678 	0.023009 	0.009937 	0.015652 	0.014563 	
0.078801 	0.026450 	0.005780 	0.000333 	0.014276 	0.006650 	0.004851 	0.003762 	0.044576 	0.029326 	0.066770 	0.022108 	0.002117 	0.005385 	0.060086 	0.041568 	0.063619 	0.002617 	0.100740 	0.059346 	0.019778 	0.007795 	0.004277 	0.006456 	0.017905 	0.008101 	0.020728 	0.002210 	0.013658 	0.002765 	0.029224 	0.013973 	0.040043 	0.012810 	0.071277 	0.026678 	0.023009 	0.009937 	0.015652 	0.014563 	
0.078801 	0.026450 	0.005780 	0.000333 	0.014276 	0.006650 	0.004851 	0.003762 	0.044576 	0.029326 	0.066770 	0.022108 	0.002117 	0.005385 	0.060086 	0.041568 	0.063619 	0.002617 	0.100740 	0.059346 	0.019778 	0.007795 	0.004277 	0.006456 	0.017905 	0.008101 	0.020728 	0.002210 	0.013658 	0.002765 	0.029224 	0.013973 	0.040043 	0.012810 	0.071277 	0.026678 	0.023009 	0.009937 	0.015652 	0.014563 	
0.078801 	0.026450 	0.005780 	0.000333 	0.014276 	0.006650 	0.004851 	0.003762 	0.044576 	0.029326 	0.066770 	0.022108 	0.002117 	0.005385 	0.060086 	0.041568 	0.063619 	0.002617 	0.100740 	0.059346 	0.019778 	0.007795 	0.004277 	0.006456 	0.017905 	0.008101 	0.020728 	0.002210 	0.013658 	0.002765 	0.029224 	0.013973 	0.040043 	0.012810 	0.071277 	0.026678 	0.023009 	0.009937 	0.015652 	0.014563 	
0.078801 	0.026450 	0.005780 	0.000333 	0.014276 	0.006650 	0.004851 	0.003762 	0.044576 	0.029326 	0.066770 	0.022108 	0.002117 	0.005385 	0.060086 	0.041568 	0.063619 	0.002617 	0.100740 	0.059346 	0.019778 	0.007795 	0.004277 	0.006456 	0.017905 	0.008101 	0.020728 	0.002210 	0.013658 	0.002765 	0.029224 	0.013973 	0.040043 	0.012810 	0.071277 	0.026678 	0.023009 	0.009937 	0.015652 	0.014563 	
0.079580 	0.034003 	0.010095 	0.003498 	0.003813 	0.003813 	0.005686 	0.004925 	0.071180 	0.019606 	0.067334 	0.019358 	0.007025 	0.002227 	0.094966 	0.044592 	0.002688 	0.003887 	0.132376 	0.050817 	0.024159 	0.011565 	0.004441 	0.003241 	0.012403 	0.004607 	0.003702 	0.002503 	0.005668 	0.003269 	0.033747 	0.015156 	0.043462 	0.015876 	0.086904 	0.028733 	0.011822 	0.002827 	0.018521 	0.005927 	
0.079580 	0.034003 	0.010095 	0.003498 	0.003813 	0.003813 	0.005686 	0.004925 	0.071180 	0.019606 	0.067334 	0.019358 	0.007025 	0.002227 	0.094966 	0.044592 	0.002688 	0.003887 	0.132376 	0.050817 	0.024159 	0.011565 	0.004441 	0.003241 	0.012403 	0.004607 	0.003702 	0.002503 	0.005668 	0.003269 	0.033747 	0.015156 	0.043462 	0.015876 	0.086904 	0.028733 	0.011822 	0.002827 	0.018521 	0.005927 	
0.079580 	0.034003 	0.010095 	0.003498 	0.003813 	0.003813 	0.005686 	0.004925 	0.071180 	0.019606 	0.067334 	0.019358 	0.007025 	0.002227 	0.094966 	0.044592 	0.002688 	0.003887 	0.132376 	0.050817 	0.024159 	0.011565 	0.004441 	0.003241 	0.012403 	0.004607 	0.003702 	0.002503 	0.005668 	0.003269 	0.033747 	0.015156 	0.043462 	0.015876 	0.086904 	0.028733 	0.011822 	0.002827 	0.018521 	0.005927 	
0.079580 	0.034003 	0.010095 	0.003498 	0.003813 	0.003813 	0.005686 	0.004925 	0.071180 	0.019606 	0.067334 	0.019358 	0.007025 	0.002227 	0.094966 	0.044592 	0.002688 	0.003887 	0.132376 	0.050817 	0.024159 	0.011565 	0.004441 	0.003241 	0.012403 	0.004607 	0.003702 	0.002503 	0.005668 	0.003269 	0.033747 	0.015156 	0.043462 	0.015876 	0.086904 	0.028733 	0.011822 	0.002827 	0.018521 	0.005927 	
0.079580 	0.034003 	0.010095 	0.003498 	0.003813 	0.003813 	0.005686 	0.004925 	0.071180 	0.019606 	0.067334 	0.019358 	0.007025 	0.002227 	0.094966 	0.044592 	0.002688 	0.003887 	0.132376 	0.050817 	0.024159 	0.011565 	0.004441 	0.003241 	0.012403 	0.004607 	0.003702 	0.002503 	0.005668 	0.003269 	0.033747 	0.015156 	0.043462 	0.015876 	0.086904 	0.028733 	0.011822 	0.002827 	0.018521 	0.005927 	
0.079580 	0.034003 	0.010095 	0.003498 	0.003813 	0.003813 	0.005686 	0.004925 	0.071180 	0.019606 	0.067334 	0.019358 	0.007025 	0.002227 	0.094966 	0.044592 	0.002688 	0.003887 	0.132376 	0.050817 	0.024159 	0.011565 	0.004441 	0.003241 	0.012403 	0.004607 	0.003702 	0.002503 	0.005668 	0.003269 	0.033747 	0.015156 	0.043462 	0.015876 	0.086904 	0.028733 	0.011822 	0.002827 	0.018521 	0.005927 	
0.079580 	0.034003 	0.010095 	0.003498 	0.003813 	0.003813 	0.005686 	0.004925 	0.071180 	0.019606 	0.067334 	0.019358 	0.007025 	0.002227 	0.094966 	0.044592 	0.002688 	0.003887 	0.132376 	0.050817 	0.024159 	0.011565 	0.004441 	0.003241 	0.012403 	0.004607 	0.003702 	0.002503 	0.005668 	0.003269 	0.033747 	0.015156 	0.043462 	0.015876 	0.086904 	0.028733 	0.011822 	0.002827 	0.018521 	0.005927 	
0.079580 	0.034003 	0.010095 	0.003498 	0.003813 	0.003813 	0.005686 	0.004925 	0.071180 	0.019606 	0.067334 	0.019358 	0.007025 	0.002227 	0.094966 	0.044592 	0.002688 	0.003887 	0.132376 	0.050817 	0.024159 	0.011565 	0.004441 	0.003241 	0.012403 	0.004607 	0.003702 	0.002503 	0.005668 	0.003269 	0.033747 	0.015156 	0.043462 	0.015876 	0.086904 	0.028733 	0.011822 	0.002827 	0.018521 	0.005927 	
0.079580 	0.034003 	0.010095 	0.003498 	0.003813 	0.003813 	0.005686 	0.004925 	0.071180 	0.019606 	0.067334 	0.019358 	0.007025 	0.002227 	0.094966 	0.044592 	0.002688 	0.003887 	0.132376 	0.050817 	0.024159 	0.011565 	0.004441 	0.003241 	0.012403 	0.004607 	0.003702 	0.002503 	0.005668 	0.003269 	0.033747 	0.015156 	0.043462 	0.015876 	0.086904 	0.028733 	0.011822 	0.002827 	0.018521 	0.005927 	
0.079580 	0.034003 	0.010095 	0.003498 	0.003813 	0.003813 	0.005686 	0.004925 	0.071180 	0.019606 	0.067334 	0.019358 	0.007025 	0.002227 	0.094966 	0.044592 	0.002688 	0.003887 	0.132376 	0.050817 	0.024159 	0.011565 	0.004441 	0.003241 	0.012403 	0.004607 	0.003702 	0.002503 	0.005668 	0.003269 	0.033747 	0.015156 	0.043462 	0.015876 	0.086904 	0.028733 	0.011822 	0.002827 	0.018521 	0.005927 	
0.079580 	0.034003 	0.010095 	0.003498 	0.003813 	0.003813 	0.005686 	0.004925 	0.071180 	0.019606 	0.067334 	0.019358 	0.007025 	0.002227 	0.094966 	0.044592 	0.002688 	0.003887 	0.132376 	0.050817 	0.024159 	0.011565 	0.004441 	0.003241 	0.012403 	0.004607 	0.003702 	0.002503 	0.005668 	0.003269 	0.033747 	0.015156 	0.043462 	0.015876 	0.086904 	0.028733 	0.011822 	0.002827 	0.018521 	0.005927 	
0.079580 	0.034003 	0.010095 	0.003498 	0.003813 	0.003813 	0.005686 	0.004925 	0.071180 	0.019606 	0.067334 	0.019358 	0.007025 	0.002227 	0.094966 	0.044592 	0.002688 	0.003887 	0.132376 	0.050817 	0.024159 	0.011565 	0.004441 	0.003241 	0.012403 	0.004607 	0.003702 	0.002503 	0.005668 	0.003269 	0.033747 	0.015156 	0.043462 	0.015876 	0.086904 	0.028733 	0.011822 	0.002827 	0.018521 	0.005927 	
0.079580 	0.034003 	0.010095 	0.003498 	0.003813 	0.003813 	0.005686 	0.004925 	0.071180 	0.019606 	0.067334 	0.019358 	0.007025 	0.002227 	0.094966 	0.044592 	0.002688 	0.003887 	0.132376 	0.050817 	0.024159 	0.011565 	0.004441 	0.003241 	0.012403 	0.004607 	0.003702 	0.002503 	0.005668 	0.003269 	0.033747 	0.015156 	0.043462 	0.015876 	0.086904 	0.028733 	0.011822 	0.002827 	0.018521 	0.005927 	
0.079580 	0.034003 	0.010095 	0.003498 	0.003813 	0.003813 	0.005686 	0.004925 	0.071180 	0.019606 	0.067334 	0.019358 	0.007025 	0.002227 	0.094966 	0.044592 	0.002688 	0.003887 	0.132376 	0.050817 	0.024159 	0.011565 	0.004441 	0.003241 	0.012403 	0.004607 	0.003702 	0.002503 	0.005668 	0.003269 	0.033747 	0.015156 	0.043462 	0.015876 	0.086904 	0.028733 	0.011822 	0.002827 	0.018521 	0.005927 	
0.079580 	0.034003 	0.010095 	0.003498 	0.003813 	0.003813 	0.005686 	0.004925 	0.071180 	0.019606 	0.067334 	0.019358 	0.007025 	0.002227 	0.094966 	0.044592 	0.002688 	0.003887 	0.132376 	0.050817 	0.024159 	0.011565 	0.004441 	0.003241 	0.012403 	0.004607 	0.003702 	0.002503 	0.005668 	0.003269 	0.033747 	0.015156 	0.043462 	0.015876 	0.086904 	0.028733 	0.011822 	0.002827 	0.018521 	0.005927 	
0.079580 	0.034003 	0.010095 	0.003498 	0.003813 	0.003813 	0.005686 	0.004925 	0.071180 	0.019606 	0.067334 	0.019358 	0.007025 	0.002227 	0.094966 	0.044592 	0.002688 	0.003887 	0.132376 	0.050817 	0.024159 	0.011565 	0.004441 	0.003241 	0.012403 	0.004607 	0.003702 	0.002503 	0.005668 	0.003269 	0.033747 	0.015156 	0.043462 	0.015876 	0.086904 	0.028733 	0.011822 	0.002827 	0.018521 	0.005927 	
0.079580 	0.034003 	0.010095 	0.003498 	0.003813 	0.003813 	0.005686 	0.004925 	0.071180 	0.019606 	0.067334 	0.019358 	0.007025 	0.002227 	0.094966 	0.044592 	0.002688 	0.003887 	0.132376 	0.050817 	0.024159 	0.011565 	0.004441 	0.003241 	0.012403 	0.004607 	0.003702 	0.002503 	0.005668 	0.003269 	0.033747 	0.015156 	0.043462 	0.015876 	0.086904 	0.028733 	0.011822 	0.002827 	0.018521 	0.005927 	
0.079580 	0.034003 	0.010095 	0.003498 	0.003813 	0.003813 	0.005686 	0.004925 	0.071180 	0.019606 	0.067334 	0.019358 	0.007025 	0.002227 	0.094966 	0.044592 	0.002688 	0.003887 	0.132376 	0.050817 	0.024159 	0.011565 	0.004441 	0.003241 	0.012403 	0.004607 	0.003702 	0.002503 	0.005668 	0.003269 	0.033747 	0.015156 	0.043462 	0.015876 	0.086904 	0.028733 	0.011822 	0.002827 	0.018521 	0.005927 	
0.079580 	0.034003 	0.010095 	0.003498 	0.003813 	0.003813 	0.005686 	0.004925 	0.071180 	0.019606 	0.067334 	0.019358 	0.007025 	0.002227 	0.094966 	0.044592 	0.002688 	0.003887 	0.132376 	0.050817 	0.024159 	0.011565 	0.004441 	0.003241 	0.012403 	0.004607 	0.003702 	0.002503 	0.005668 	0.003269 	0.033747 	0.015156 	0.043462 	0.015876 	0.086904 	0.028733 	0.011822 	0.002827 	0.018521 	0.005927 	
0.079580 	0.034003 	0.010095 	0.003498 	0.003813 	0.003813 	0.005686 	0.004925 	0.071180 	0.019606 	0.067334 	0.019358 	0.007025 	0.002227 	0.094966 	0.044592 	0.002688 	0.003887 	0.132376 	0.050817 	0.024159 	0.011565 	0.004441 	0.003241 	0.012403 	0.004607 	0.003702 	0.002503 	0.005668 	0.003269 	0.033747 	0.015156 	0.043462 	0.015876 	0.086904 	0.028733 	0.011822 	0.002827 	0.018521 	0.005927 	
0.079580 	0.034003 	0.010095 	0.003498 	0.003813 	0.003813 	0.005686 	0.004925 	0.071180 	0.019606 	0.067334 	0.019358 	0.007025 	0.002227 	0.094966 	0.044592 	0.002688 	0.003887 	0.132376 	0.050817 	0.024159 	0.011565 	0.004441 	0.003241 	0.012403 	0.004607 	0.003702 	0.002503 	0.005668 	0.003269 	0.033747 	0.015156 	0.043462 	0.015876 	0.086904 	0.028733 	0.011822 	0.002827 	0.018521 	0.005927 	
0.079580 	0.034003 	0.010095 	0.003498 	0.003813 	0.003813 	0.005686 	0.004925 	0.071180 	0.019606 	0.067334 	0.019358 	0.007025 	0.002227 	0.094966 	0.044592 	0.002688 	0.003887 	0.132376 	0.050817 	0.024159 	0.011565 	0.004441 	0.003241 	0.012403 	0.004607 	0.003702 	0.002503 	0.005668 	0.003269 	0.033747 	0.015156 	0.043462 	0.015876 	0.086904 	0.028733 	0.011822 	0.002827 	0.018521 	0.005927 	
0.079580 	0.034003 	0.010095 	0.003498 	0.003813 	0.003813 	0.005686 	0.004925 	0.071180 	0.019606 	0.067334 	0.019358 	0.007025 	0.002227 	0.094966 	0.044592 	0.002688 	0.003887 	0.132376 	0.050817 	0.024159 	0.011565 	0.004441 	0.003241 	0.012403 	0.004607 	0.003702 	0.002503 	0.005668 	0.003269 	0.033747 	0.015156 	0.043462 	0.015876 	0.086904 	0.028733 	0.011822 	0.002827 	0.018521 	0.005927 	
0.079580 	0.034003 	0.010095 	0.003498 	0.003813 	0.003813 	0.005686 	0.004925 	0.071180 	0.019606 	0.067334 	0.019358 	0.007025 	0.002227 	0.094966 	0.044592 	0.002688 	0.003887 	0.132376 	0.050817 	0.024159 	0.011565 	0.004441 	0.003241 	0.012403 	0.004607 	0.003702 	0.002503 	0.005668 	0.003269 	0.033747 	0.015156 	0.043462 	0.015876 	0.086904 	0.028733 	0.011822 	0.002827 	0.018521 	0.005927 	
0.079580 	0.034003 	0.010095 	0.003498 	0.003813 	0.003813 	0.005686 	0.004925 	0.071180 	0.019606 	0.067334 	0.019358 	0.007025 	0.002227 	0.094966 	0.044592 	0.002688 	0.003887 	0.132376 	0.050817 	0.024159 	0.011565 	0.004441 	0.003241 	0.012403 	0.004607 	0.003702 	0.002503 	0.005668 	0.003269 	0.033747 	0.015156 	0.043462 	0.015876 	0.086904 	0.028733 	0.011822 	0.002827 	0.018521 	0.005927 	
0.077648 	0.028706 	0.004302 	0.000333 	0.003849 	0.007817 	0.006874 	0.001939 	0.060294 	0.024579 	0.055410 	0.019696 	0.010287 	0.007642 	0.075103 	0.038066 	0.004173 	0.002851 	0.106731 	0.053821 	0.031683 	0.011841 	0.010269 	0.006300 	0.030665 	0.012147 	0.011702 	0.002443 	0.005644 	0.001676 	0.045642 	0.019187 	0.025726 	0.013821 	0.079433 	0.024844 	0.027677 	0.010481 	0.018687 	0.020009 	
0.077648 	0.028706 	0.004302 	0.000333 	0.003849 	0.007817 	0.006874 	0.001939 	0.060294 	0.024579 	0.055410 	0.019696 	0.010287 	0.007642 	0.075103 	0.038066 	0.004173 	0.002851 	0.106731 	0.053821 	0.031683 	0.011841 	0.010269 	0.006300 	0.030665 	0.012147 	0.011702 	0.002443 	0.005644 	0.001676 	0.045642 	0.019187 	0.025726 	0.013821 	0.079433 	0.024844 	0.027677 	0.010481 	0.018687 	0.020009 	
0.077648 	0.028706 	0.004302 	0.000333 	0.003849 	0.007817 	0.006874 	0.001939 	0.060294 	0.024579 	0.055410 	0.019696 	0.010287 	0.007642 	0.075103 	0.038066 	0.004173 	0.002851 	0.106731 	0.053821 	0.031683 	0.011841 	0.010269 	0.006300 	0.030665 	0.012147 	0.011702 	0.002443 	0.005644 	0.001676 	0.045642 	0.019187 	0.025726 	0.013821 	0.079433 	0.024844 	0.027677 	0.010481 	0.018687 	0.020009 	
0.077648 	0.028706 	0.004302 	0.000333 	0.003849 	0.007817 	0.006874 	0.001939 	0.060294 	0.024579 	0.055410 	0.019696 	0.010287 	0.007642 	0.075103 	0.038066 	0.004173 	0.002851 	0.106731 	0.053821 	0.031683 	0.011841 	0.010269 	0.006300 	0.030665 	0.012147 	0.011702 	0.002443 	0.005644 	0.001676 	0.045642 	0.019187 	0.025726 	0.013821 	0.079433 	0.024844 	0.027677 	0.010481 	0.018687 	0.020009 	
0.077648 	0.028706 	0.004302 	0.000333 	0.003849 	0.007817 	0.006874 	0.001939 	0.060294 	0.024579 	0.055410 	0.019696 	0.010287 	0.007642 	0.075103 	0.038066 	0.004173 	0.002851 	0.106731 	0.053821 	0.031683 	0.011841 	0.010269 	0.006300 	0.030665 	0.012147 	0.011702 	0.002443 	0.005644 	0.001676 	0.045642 	0.019187 	0.025726 	0.013821 	0.079433 	0.024844 	0.027677 	0.010481 	0.018687 	0.020009 	
0.031736 	0.043223 	0.003205 	0.000333 	0.023069 	0.024026 	0.014333 	0.024863 	0.021016 	0.031545 	0.037254 	0.052570 	0.012404 	0.007617 	0.027726 	0.033469 	0.018425 	0.021297 	0.058595 	0.042322 	0.010526 	0.016270 	0.033154 	0.020710 	0.034293 	0.028550 	0.027300 	0.020599 	0.020432 	0.026176 	0.035689 	0.030903 	0.026916 	0.032660 	0.023356 	0.036058 	0.004912 	0.019271 	0.009204 	0.013991 	
0.031736 	0.043223 	0.003205 	0.000333 	0.023069 	0.024026 	0.014333 	0.024863 	0.021016 	0.031545 	0.037254 	0.052570 	0.012404 	0.007617 	0.027726 	0.033469 	0.018425 	0.021297 	0.058595 	0.042322 	0.010526 	0.016270 	0.033154 	0.020710 	0.034293 	0.028550 	0.027300 	0.020599 	0.020432 	0.026176 	0.035689 	0.030903 	0.026916 	0.032660 	0.023356 	0.036058 	0.004912 	0.019271 	0.009204 	0.013991 	
0.031736 	0.043223 	0.003205 	0.000333 	0.023069 	0.024026 	0.014333 	0.024863 	0.021016 	0.031545 	0.037254 	0.052570 	0.012404 	0.007617 	0.027726 	0.033469 	0.018425 	0.021297 	0.058595 	0.042322 	0.010526 	0.016270 	0.033154 	0.020710 	0.034293 	0.028550 	0.027300 	0.020599 	0.020432 	0.026176 	0.035689 	0.030903 	0.026916 	0.032660 	0.023356 	0.036058 	0.004912 	0.019271 	0.009204 	0.013991 	
0.031736 	0.043223 	0.003205 	0.000333 	0.023069 	0.024026 	0.014333 	0.024863 	0.021016 	0.031545 	0.037254 	0.052570 	0.012404 	0.007617 	0.027726 	0.033469 	0.018425 	0.021297 	0.058595 	0.042322 	0.010526 	0.016270 	0.033154 	0.020710 	0.034293 	0.028550 	0.027300 	0.020599 	0.020432 	0.026176 	0.035689 	0.030903 	0.026916 	0.032660 	0.023356 	0.036058 	0.004912 	0.019271 	0.009204 	0.013991 	
0.031736 	0.043223 	0.003205 	0.000333 	0.023069 	0.024026 	0.014333 	0.024863 	0.021016 	0.031545 	0.037254 	0.052570 	0.012404 	0.007617 	0.027726 	0.033469 	0.018425 	0.021297 	0.058595 	0.042322 	0.010526 	0.016270 	0.033154 	0.020710 	0.034293 	0.028550 	0.027300 	0.020599 	0.020432 	0.026176 	0.035689 	0.030903 	0.026916 	0.032660 	0.023356 	0.036058 	0.004912 	0.019271 	0.009204 	0.013991 	
0.031736 	0.043223 	0.003205 	0.000333 	0.023069 	0.024026 	0.014333 	0.024863 	0.021016 	0.031545 	0.037254 	0.052570 	0.012404 	0.007617 	0.027726 	0.033469 	0.018425 	0.021297 	0.058595 	0.042322 	0.010526 	0.016270 	0.033154 	0.020710 	0.034293 	0.028550 	0.027300 	0.020599 	0.020432 	0.026176 	0.035689 	0.030903 	0.026916 	0.032660 	0.023356 	0.036058 	0.004912 	0.019271 	0.009204 	0.013991 	
0.031736 	0.043223 	0.003205 	0.000333 	0.023069 	0.024026 	0.014333 	0.024863 	0.021016 	0.031545 	0.037254 	0.052570 	0.012404 	0.007617 	0.027726 	0.033469 	0.018425 	0.021297 	0.058595 	0.042322 	0.010526 	0.016270 	0.033154 	0.020710 	0.034293 	0.028550 	0.027300 	0.020599 	0.020432 	0.026176 	0.035689 	0.030903 	0.026916 	0.032660 	0.023356 	0.036058 	0.004912 	0.019271 	0.009204 	0.013991 	
0.031736 	0.043223 	0.003205 	0.000333 	0.023069 	0.024026 	0.014333 	0.024863 	0.021016 	0.031545 	0.037254 	0.052570 	0.012404 	0.007617 	0.027726 	0.033469 	0.018425 	0.021297 	0.058595 	0.042322 	0.010526 	0.016270 	0.033154 	0.020710 	0.034293 	0.028550 	0.027300 	0.020599 	0.020432 	0.026176 	0.035689 	0.030903 	0.026916 	0.032660 	0.023356 	0.036058 	0.004912 	0.019271 	0.009204 	0.013991 	
0.031736 	0.043223 	0.003205 	0.000333 	0.023069 	0.024026 	0.014333 	0.024863 	0.021016 	0.031545 	0.037254 	0.052570 	0.012404 	0.007617 	0.027726 	0.033469 	0.018425 	0.021297 	0.058595 	0.042322 	0.010526 	0.016270 	0.033154 	0.020710 	0.034293 	0.028550 	0.027300 	0.020599 	0.020432 	0.026176 	0.035689 	0.030903 	0.026916 	0.032660 	0.023356 	0.036058 	0.004912 	0.019271 	0.009204 	0.013991 	
0.031736 	0.043223 	0.003205 	0.000333 	0.023069 	0.024026 	0.014333 	0.024863 	0.021016 	0.031545 	0.037254 	0.052570 	0.012404 	0.007617 	0.027726 	0.033469 	0.018425 	0.021297 	0.058595 	0.042322 	0.010526 	0.016270 	0.033154 	0.020710 	0.034293 	0.028550 	0.027300 	0.020599 	0.020432 	0.026176 	0.035689 	0.030903 	0.026916 	0.032660 	0.023356 	0.036058 	0.004912 	0.019271 	0.009204 	0.013991 	
0.000380 	0.000380 	0.000090 	0.000090 	0.000290 	0.000290 	0.000330 	0.000330 	0.000200 	0.000200 	0.000360 	0.000360 	0.000120 	0.000120 	0.000280 	0.000280 	0.000320 	0.000320 	0.000430 	0.000430 	0.495130 	0.495130 	0.000230 	0.000230 	0.000230 	0.000230 	0.000200 	0.000200 	0.000240 	0.000240 	0.000310 	0.000310 	0.000280 	0.000280 	0.000340 	0.000340 	0.000070 	0.000070 	0.000170 	0.000170 	
0.013280 	0.032980 	0.000990 	0.004135 	0.002799 	0.003479 	0.004851 	0.004419 	0.017698 	0.029171 	0.011248 	0.016723 	0.005980 	0.012363 	0.023267 	0.036958 	0.109958 	0.110954 	0.029101 	0.051295 	0.007681 	0.012421 	0.031310 	0.027577 	0.013345 	0.017470 	0.008834 	0.016955 	0.067061 	0.061146 	0.033328 	0.037684 	0.018249 	0.051330 	0.012304 	0.030634 	0.003068 	0.009280 	0.006355 	0.012321 	
0.013280 	0.032980 	0.000990 	0.004135 	0.002799 	0.003479 	0.004851 	0.004419 	0.017698 	0.029171 	0.011248 	0.016723 	0.005980 	0.012363 	0.023267 	0.036958 	0.109958 	0.110954 	0.029101 	0.051295 	0.007681 	0.012421 	0.031310 	0.027577 	0.013345 	0.017470 	0.008834 	0.016955 	0.067061 	0.061146 	0.033328 	0.037684 	0.018249 	0.051330 	0.012304 	0.030634 	0.003068 	0.009280 	0.006355 	0.012321 	
0.013280 	0.032980 	0.000990 	0.004135 	0.002799 	0.003479 	0.004851 	0.004419 	0.017698 	0.029171 	0.011248 	0.016723 	0.005980 	0.012363 	0.023267 	0.036958 	0.109958 	0.110954 	0.029101 	0.051295 	0.007681 	0.012421 	0.031310 	0.027577 	0.013345 	0.017470 	0.008834 	0.016955 	0.067061 	0.061146 	0.033328 	0.037684 	0.018249 	0.051330 	0.012304 	0.030634 	0.003068 	0.009280 	0.006355 	0.012321 	
0.013280 	0.032980 	0.000990 	0.004135 	0.002799 	0.003479 	0.004851 	0.004419 	0.017698 	0.029171 	0.011248 	0.016723 	0.005980 	0.012363 	0.023267 	0.036958 	0.109958 	0.110954 	0.029101 	0.051295 	0.007681 	0.012421 	0.031310 	0.027577 	0.013345 	0.017470 	0.008834 	0.016955 	0.067061 	0.061146 	0.033328 	0.037684 	0.018249 	0.051330 	0.012304 	0.030634 	0.003068 	0.009280 	0.006355 	0.012321 	
0.013280 	0.032980 	0.000990 	0.004135 	0.002799 	0.003479 	0.004851 	0.004419 	0.017698 	0.029171 	0.011248 	0.016723 	0.005980 	0.012363 	0.023267 	0.036958 	0.109958 	0.110954 	0.029101 	0.051295 	0.007681 	0.012421 	0.031310 	0.027577 	0.013345 	0.017470 	0.008834 	0.016955 	0.067061 	0.061146 	0.033328 	0.037684 	0.018249 	0.051330 	0.012304 	0.030634 	0.003068 	0.009280 	0.006355 	0.012321 	
0.162629 	0.055533 	0.012623 	0.006880 	0.001017 	0.000898 	0.000879 	0.000645 	0.047472 	0.013264 	0.052356 	0.011027 	0.000541 	0.000560 	0.051188 	0.024097 	0.001072 	0.001180 	0.158705 	0.082402 	0.024240 	0.009253 	0.003355 	0.000776 	0.011474 	0.002647 	0.001033 	0.000442 	0.001118 	0.000869 	0.070218 	0.017523 	0.047080 	0.012594 	0.069866 	0.032199 	0.002472 	0.002183 	0.003836 	0.001855 	
0.162629 	0.055533 	0.012623 	0.006880 	0.001017 	0.000898 	0.000879 	0.000645 	0.047472 	0.013264 	0.052356 	0.011027 	0.000541 	0.000560 	0.051188 	0.024097 	0.001072 	0.001180 	0.158705 	0.082402 	0.024240 	0.009253 	0.003355 	0.000776 	0.011474 	0.002647 	0.001033 	0.000442 	0.001118 	0.000869 	0.070218 	0.017523 	0.047080 	0.012594 	0.069866 	0.032199 	0.002472 	0.002183 	0.003836 	0.001855 	
0.162629 	0.055533 	0.012623 	0.006880 	0.001017 	0.000898 	0.000879 	0.000645 	0.047472 	0.013264 	0.052356 	0.011027 	0.000541 	0.000560 	0.051188 	0.024097 	0.001072 	0.001180 	0.158705 	0.082402 	0.024240 	0.009253 	0.003355 	0.000776 	0.011474 	0.002647 	0.001033 	0.000442 	0.001118 	0.000869 	0.070218 	0.017523 	0.047080 	0.012594 	0.069866 	0.032199 	0.002472 	0.002183 	0.003836 	0.001855 	
0.162629 	0.055533 	0.012623 	0.006880 	0.001017 	0.000898 	0.000879 	0.000645 	0.047472 	0.013264 	0.052356 	0.011027 	0.000541 	0.000560 	0.051188 	0.024097 	0.001072 	0.001180 	0.158705 	0.082402 	0.024240 	0.009253 	0.003355 	0.000776 	0.011474 	0.002647 	0.001033 	0.000442 	0.001118 	0.000869 	0.070218 	0.017523 	0.047080 	0.012594 	0.069866 	0.032199 	0.002472 	0.002183 	0.003836 	0.001855 	
0.162629 	0.055533 	0.012623 	0.006880 	0.001017 	0.000898 	0.000879 	0.000645 	0.047472 	0.013264 	0.052356 	0.011027 	0.000541 	0.000560 	0.051188 	0.024097 	0.001072 	0.001180 	0.158705 	0.082402 	0.024240 	0.009253 	0.003355 	0.000776 	0.011474 	0.002647 	0.001033 	0.000442 	0.001118 	0.000869 	0.070218 	0.017523 	0.047080 	0.012594 	0.069866 	0.032199 	0.002472 	0.002183 	0.003836 	0.001855 	
0.162629 	0.055533 	0.012623 	0.006880 	0.001017 	0.000898 	0.000879 	0.000645 	0.047472 	0.013264 	0.052356 	0.011027 	0.000541 	0.000560 	0.051188 	0.024097 	0.001072 	0.001180 	0.158705 	0.082402 	0.024240 	0.009253 	0.003355 	0.000776 	0.011474 	0.002647 	0.001033 	0.000442 	0.001118 	0.000869 	0.070218 	0.017523 	0.047080 	0.012594 	0.069866 	0.032199 	0.002472 	0.002183 	0.003836 	0.001855 	
0.162629 	0.055533 	0.012623 	0.006880 	0.001017 	0.000898 	0.000879 	0.000645 	0.047472 	0.013264 	0.052356 	0.011027 	0.000541 	0.000560 	0.051188 	0.024097 	0.001072 	0.001180 	0.158705 	0.082402 	0.024240 	0.009253 	0.003355 	0.000776 	0.011474 	0.002647 	0.001033 	0.000442 	0.001118 	0.000869 	0.070218 	0.017523 	0.047080 	0.012594 	0.069866 	0.032199 	0.002472 	0.002183 	0.003836 	0.001855 	
0.162629 	0.055533 	0.012623 	0.006880 	0.001017 	0.000898 	0.000879 	0.000645 	0.047472 	0.013264 	0.052356 	0.011027 	0.000541 	0.000560 	0.051188 	0.024097 	0.001072 	0.001180 	0.158705 	0.082402 	0.024240 	0.009253 	0.003355 	0.000776 	0.011474 	0.002647 	0.001033 	0.000442 	0.001118 	0.000869 	0.070218 	0.017523 	0.047080 	0.012594 	0.069866 	0.032199 	0.002472 	0.002183 	0.003836 	0.001855 	
0.162629 	0.055533 	0.012623 	0.006880 	0.001017 	0.000898 	0.000879 	0.000645 	0.047472 	0.013264 	0.052356 	0.011027 	0.000541 	0.000560 	0.051188 	0.024097 	0.001072 	0.001180 	0.158705 	0.082402 	0.024240 	0.009253 	0.003355 	0.000776 	0.011474 	0.002647 	0.001033 	0.000442 	0.001118 	0.000869 	0.070218 	0.017523 	0.047080 	0.012594 	0.069866 	0.032199 	0.002472 	0.002183 	0.003836 	0.001855 	
0.162629 	0.055533 	0.012623 	0.006880 	0.001017 	0.000898 	0.000879 	0.000645 	0.047472 	0.013264 	0.052356 	0.011027 	0.000541 	0.000560 	0.051188 	0.024097 	0.001072 	0.001180 	0.158705 	0.082402 	0.024240 	0.009253 	0.003355 	0.000776 	0.011474 	0.002647 	0.001033 	0.000442 	0.001118 	0.000869 	0.070218 	0.017523 	0.047080 	0.012594 	0.069866 	0.032199 	0.002472 	0.002183 	0.003836 	0.001855 	
0.162629 	0.055533 	0.012623 	0.006880 	0.001017 	0.000898 	0.000879 	0.000645 	0.047472 	0.013264 	0.052356 	0.011027 	0.000541 	0.000560 	0.051188 	0.024097 	0.001072 	0.001180 	0.158705 	0.082402 	0.024240 	0.009253 	0.003355 	0.000776 	0.011474 	0.002647 	0.001033 	0.000442 	0.001118 	0.000869 	0.070218 	0.017523 	0.047080 	0.012594 	0.069866 	0.032199 	0.002472 	0.002183 	0.003836 	0.001855 	
0.162629 	0.055533 	0.012623 	0.006880 	0.001017 	0.000898 	0.000879 	0.000645 	0.047472 	0.013264 	0.052356 	0.011027 	0.000541 	0.000560 	0.051188 	0.024097 	0.001072 	0.001180 	0.158705 	0.082402 	0.024240 	0.009253 	0.003355 	0.000776 	0.011474 	0.002647 	0.001033 	0.000442 	0.001118 	0.000869 	0.070218 	0.017523 	0.047080 	0.012594 	0.069866 	0.032199 	0.002472 	0.002183 	0.003836 	0.001855 	
0.162629 	0.055533 	0.012623 	0.006880 	0.001017 	0.000898 	0.000879 	0.000645 	0.047472 	0.013264 	0.052356 	0.011027 	0.000541 	0.000560 	0.051188 	0.024097 	0.001072 	0.001180 	0.158705 	0.082402 	0.024240 	0.009253 	0.003355 	0.000776 	0.011474 	0.002647 	0.001033 	0.000442 	0.001118 	0.000869 	0.070218 	0.017523 	0.047080 	0.012594 	0.069866 	0.032199 	0.002472 	0.002183 	0.003836 	0.001855 	
0.162629 	0.055533 	0.012623 	0.006880 	0.001017 	0.000898 	0.000879 	0.000645 	0.047472 	0.013264 	0.052356 	0.011027 	0.000541 	0.000560 	0.051188 	0.024097 	0.001072 	0.001180 	0.158705 	0.082402 	0.024240 	0.009253 	0.003355 	0.000776 	0.011474 	0.002647 	0.001033 	0.000442 	0.001118 	0.000869 	0.070218 	0.017523 	0.047080 	0.012594 	0.069866 	0.032199 	0.002472 	0.002183 	0.003836 	0.001855 	
0.162629 	0.055533 	0.012623 	0.006880 	0.001017 	0.000898 	0.000879 	0.000645 	0.047472 	0.013264 	0.052356 	0.011027 	0.000541 	0.000560 	0.051188 	0.024097 	0.001072 	0.001180 	0.158705 	0.082402 	0.024240 	0.009253 	0.003355 	0.000776 	0.011474 	0.002647 	0.001033 	0.000442 	0.001118 	0.000869 	0.070218 	0.017523 	0.047080 	0.012594 	0.069866 	0.032199 	0.002472 	0.002183 	0.003836 	0.001855 	
0.162629 	0.055533 	0.012623 	0.006880 	0.001017 	0.000898 	0.000879 	0.000645 	0.047472 	0.013264 	0.052356 	0.011027 	0.000541 	0.000560 	0.051188 	0.024097 	0.001072 	0.001180 	0.158705 	0.082402 	0.024240 	0.009253 	0.003355 	0.000776 	0.011474 	0.002647 	0.001033 	0.000442 	0.001118 	0.000869 	0.070218 	0.017523 	0.047080 	0.012594 	0.069866 	0.032199 	0.002472 	0.002183 	0.003836 	0.001855 	
0.162629 	0.055533 	0.012623 	0.006880 	0.001017 	0.000898 	0.000879 	0.000645 	0.047472 	0.013264 	0.052356 	0.011027 	0.000541 	0.000560 	0.051188 	0.024097 	0.001072 	0.001180 	0.158705 	0.082402 	0.024240 	0.009253 	0.003355 	0.000776 	0.011474 	0.002647 	0.001033 	0.000442 	0.001118 	0.000869 	0.070218 	0.017523 	0.047080 	0.012594 	0.069866 	0.032199 	0.002472 	0.002183 	0.003836 	0.001855 	
0.162629 	0.055533 	0.012623 	0.006880 	0.001017 	0.000898 	0.000879 	0.000645 	0.047472 	0.013264 	0.052356 	0.011027 	0.000541 	0.000560 	0.051188 	0.024097 	0.001072 	0.001180 	0.158705 	0.082402 	0.024240 	0.009253 	0.003355 	0.000776 	0.011474 	0.002647 	0.001033 	0.000442 	0.001118 	0.000869 	0.070218 	0.017523 	0.047080 	0.012594 	0.069866 	0.032199 	0.002472 	0.002183 	0.003836 	0.001855 	
0.162629 	0.055533 	0.012623 	0.006880 	0.001017 	0.000898 	0.000879 	0.000645 	0.047472 	0.013264 	0.052356 	0.011027 	0.000541 	0.000560 	0.051188 	0.024097 	0.001072 	0.001180 	0.158705 	0.082402 	0.024240 	0.009253 	0.003355 	0.000776 	0.011474 	0.002647 	0.001033 	0.000442 	0.001118 	0.000869 	0.070218 	0.017523 	0.047080 	0.012594 	0.069866 	0.032199 	0.002472 	0.002183 	0.003836 	0.001855 	
0.162629 	0.055533 	0.012623 	0.006880 	0.001017 	0.000898 	0.000879 	0.000645 	0.047472 	0.013264 	0.052356 	0.011027 	0.000541 	0.000560 	0.051188 	0.024097 	0.001072 	0.001180 	0.158705 	0.082402 	0.024240 	0.009253 	0.003355 	0.000776 	0.011474 	0.002647 	0.001033 	0.000442 	0.001118 	0.000869 	0.070218 	0.017523 	0.047080 	0.012594 	0.069866 	0.032199 	0.002472 	0.002183 	0.003836 	0.001855 	
0.042309 	0.076095 	0.001918 	0.004141 	0.006567 	0.010068 	0.006290 	0.008836 	0.004029 	0.021057 	0.052116 	0.053917 	0.008813 	0.007671 	0.005680 	0.021652 	0.008011 	0.012929 	0.014353 	0.045010 	0.002476 	0.010666 	0.016466 	0.025965 	0.081718 	0.054719 	0.020626 	0.022158 	0.007953 	0.018375 	0.070589 	0.074169 	0.048031 	0.057637 	0.017614 	0.042510 	0.003903 	0.003328 	0.002922 	0.006712 	
0.042309 	0.076095 	0.001918 	0.004141 	0.006567 	0.010068 	0.006290 	0.008836 	0.004029 	0.021057 	0.052116 	0.053917 	0.008813 	0.007671 	0.005680 	0.021652 	0.008011 	0.012929 	0.014353 	0.045010 	0.002476 	0.010666 	0.016466 	0.025965 	0.081718 	0.054719 	0.020626 	0.022158 	0.007953 	0.018375 	0.070589 	0.074169 	0.048031 	0.057637 	0.017614 	0.042510 	0.003903 	0.003328 	0.002922 	0.006712 	
0.042309 	0.076095 	0.001918 	0.004141 	0.006567 	0.010068 	0.006290 	0.008836 	0.004029 	0.021057 	0.052116 	0.053917 	0.008813 	0.007671 	0.005680 	0.021652 	0.008011 	0.012929 	0.014353 	0.045010 	0.002476 	0.010666 	0.016466 	0.025965 	0.081718 	0.054719 	0.020626 	0.022158 	0.007953 	0.018375 	0.070589 	0.074169 	0.048031 	0.057637 	0.017614 	0.042510 	0.003903 	0.003328 	0.002922 	0.006712 	
0.042309 	0.076095 	0.001918 	0.004141 	0.006567 	0.010068 	0.006290 	0.008836 	0.004029 	0.021057 	0.052116 	0.053917 	0.008813 	0.007671 	0.005680 	0.021652 	0.008011 	0.012929 	0.014353 	0.045010 	0.002476 	0.010666 	0.016466 	0.025965 	0.081718 	0.054719 	0.020626 	0.022158 	0.007953 	0.018375 	0.070589 	0.074169 	0.048031 	0.057637 	0.017614 	0.042510 	0.003903 	0.003328 	0.002922 	0.006712 	
0.042309 	0.076095 	0.001918 	0.004141 	0.006567 	0.010068 	0.006290 	0.008836 	0.004029 	0.021057 	0.052116 	0.053917 	0.008813 	0.007671 	0.005680 	0.021652 	0.008011 	0.012929 	0.014353 	0.045010 	0.002476 	0.010666 	0.016466 	0.025965 	0.081718 	0.054719 	0.020626 	0.022158 	0.007953 	0.018375 	0.070589 	0.074169 	0.048031 	0.057637 	0.017614 	0.042510 	0.003903 	0.003328 	0.002922 	0.006712 	
0.230066 	0.439271 	0.004184 	0.004184 	0.002033 	0.000059 	0.002270 	0.008191 	0.000178 	0.006099 	0.008546 	0.014467 	0.004125 	0.002151 	0.008250 	0.004303 	0.000000 	0.000000 	0.010993 	0.026782 	0.000000 	0.000000 	0.000237 	0.008131 	0.000059 	0.002033 	0.004125 	0.002151 	0.002210 	0.006157 	0.033354 	0.029407 	0.008546 	0.014467 	0.026881 	0.086090 	0.000000 	0.000000 	0.000000 	0.000000 	
0.075866 	0.024552 	0.002033 	0.000059 	0.018355 	0.002566 	0.026545 	0.002862 	0.079577 	0.016421 	0.026605 	0.006868 	0.081491 	0.008467 	0.016263 	0.000474 	0.024572 	0.006809 	0.093984 	0.018987 	0.030848 	0.013085 	0.032822 	0.011112 	0.016381 	0.004539 	0.093866 	0.014920 	0.032584 	0.001006 	0.075630 	0.016421 	0.020506 	0.006691 	0.022539 	0.006750 	0.024512 	0.004776 	0.030670 	0.006987 	
0.524057 	0.419455 	0.000000 	0.000000 	0.000000 	0.000000 	0.000059 	0.002033 	0.000000 	0.000000 	0.012316 	0.004421 	0.000000 	0.000000 	0.000000 	0.000000 	0.000059 	0.002033 	0.000000 	0.000000 	0.000000 	0.000000 	0.000000 	0.000000 	0.000000 	0.000000 	0.002033 	0.000059 	0.002033 	0.000059 	0.012316 	0.004421 	0.000178 	0.006099 	0.000178 	0.006099 	0.000000 	0.000000 	0.000059 	0.002033 	
0.330211 	0.020277 	0.000167 	0.000167 	0.076471 	0.008673 	0.084409 	0.003052 	0.008351 	0.000603 	0.044561 	0.001945 	0.008203 	0.000454 	0.012490 	0.000867 	0.050696 	0.008080 	0.024971 	0.007538 	0.002199 	0.000262 	0.032349 	0.001356 	0.010344 	0.000658 	0.088333 	0.008913 	0.014420 	0.000860 	0.054619 	0.008129 	0.026523 	0.003278 	0.034606 	0.003613 	0.002134 	0.000197 	0.012353 	0.002668 	
0.033217 	0.021595 	0.002162 	0.000225 	0.069768 	0.050398 	0.056748 	0.081930 	0.000429 	0.002366 	0.041674 	0.039737 	0.004271 	0.002334 	0.010843 	0.012780 	0.006917 	0.012729 	0.003373 	0.020807 	0.002373 	0.004310 	0.027177 	0.029114 	0.061212 	0.036030 	0.017261 	0.032758 	0.004677 	0.008551 	0.043810 	0.047684 	0.052616 	0.075861 	0.031545 	0.035419 	0.002250 	0.004187 	0.002493 	0.006368 	
0.017120 	0.084918 	0.000341 	0.006152 	0.009389 	0.030697 	0.014035 	0.050840 	0.005000 	0.022434 	0.010856 	0.074779 	0.002392 	0.006266 	0.005380 	0.030563 	0.009784 	0.042715 	0.012225 	0.052904 	0.000320 	0.004194 	0.015554 	0.040737 	0.033512 	0.041260 	0.009688 	0.046492 	0.009306 	0.030614 	0.021979 	0.051035 	0.025090 	0.089014 	0.008300 	0.060602 	0.000139 	0.000139 	0.008712 	0.014523 	
0.034670 	0.071475 	0.002336 	0.006210 	0.019830 	0.046949 	0.021435 	0.033057 	0.008641 	0.010579 	0.020483 	0.065036 	0.006266 	0.002392 	0.003386 	0.030505 	0.009378 	0.028749 	0.009997 	0.042928 	0.004252 	0.002315 	0.029230 	0.031167 	0.041667 	0.045541 	0.019025 	0.024836 	0.009074 	0.022633 	0.021920 	0.049040 	0.046689 	0.079619 	0.027671 	0.039294 	0.004478 	0.012226 	0.006542 	0.008479 	
0.036491 	0.067484 	0.000225 	0.002162 	0.023763 	0.045071 	0.017909 	0.046966 	0.002482 	0.004419 	0.022071 	0.051128 	0.002624 	0.014247 	0.007841 	0.046582 	0.017707 	0.040952 	0.012051 	0.044981 	0.000494 	0.010180 	0.027410 	0.037095 	0.031632 	0.045192 	0.019141 	0.028826 	0.012890 	0.016764 	0.021979 	0.051035 	0.051570 	0.041884 	0.013995 	0.048863 	0.002308 	0.006182 	0.012702 	0.012702 	
0.000380 	0.000380 	0.000090 	0.000090 	0.000290 	0.000290 	0.000330 	0.000330 	0.000200 	0.000200 	0.000360 	0.000360 	0.000120 	0.000120 	0.000280 	0.000280 	0.000320 	0.000320 	0.000430 	0.000430 	0.495130 	0.495130 	0.000230 	0.000230 	0.000230 	0.000230 	0.000200 	0.000200 	0.000240 	0.000240 	0.000310 	0.000310 	0.000280 	0.000280 	0.000340 	0.000340 	0.000070 	0.000070 	0.000170 	0.000170 	
0.022043 	0.038430 	0.001059 	0.001879 	0.017221 	0.052453 	0.021735 	0.060245 	0.011806 	0.016722 	0.018450 	0.032379 	0.005800 	0.017271 	0.011478 	0.028684 	0.029228 	0.057906 	0.022029 	0.035139 	0.005537 	0.009633 	0.016374 	0.027026 	0.030464 	0.047671 	0.012198 	0.030224 	0.027863 	0.044250 	0.051134 	0.057689 	0.044716 	0.039847 	0.008837 	0.021946 	0.001105 	0.004383 	0.012261 	0.004886 	
0.022043 	0.038430 	0.001059 	0.001879 	0.017221 	0.052453 	0.021735 	0.060245 	0.011806 	0.016722 	0.018450 	0.032379 	0.005800 	0.017271 	0.011478 	0.028684 	0.029228 	0.057906 	0.022029 	0.035139 	0.005537 	0.009633 	0.016374 	0.027026 	0.030464 	0.047671 	0.012198 	0.030224 	0.027863 	0.044250 	0.051134 	0.057689 	0.044716 	0.039847 	0.008837 	0.021946 	0.001105 	0.004383 	0.012261 	0.004886 	
0.001104 	0.014145 	0.006883 	0.000362 	0.013969 	0.000928 	0.007523 	0.007523 	0.028018 	0.028018 	0.000667 	0.000667 	0.013654 	0.007134 	0.036447 	0.088612 	0.007691 	0.007691 	0.081130 	0.211925 	0.035154 	0.048195 	0.014641 	0.027682 	0.015619 	0.061263 	0.000566 	0.007087 	0.007170 	0.000649 	0.014789 	0.027830 	0.015523 	0.060790 	0.029255 	0.061858 	0.000334 	0.006855 	0.000324 	0.000324 	
0.007071 	0.000898 	0.000167 	0.000167 	0.026155 	0.007636 	0.007155 	0.007155 	0.000555 	0.006728 	0.014123 	0.026469 	0.019481 	0.007136 	0.000519 	0.000519 	0.032188 	0.001324 	0.000796 	0.012780 	0.000204 	0.000204 	0.083451 	0.015549 	0.000426 	0.000426 	0.026728 	0.032901 	0.026989 	0.001936 	0.303475 	0.149154 	0.134602 	0.029664 	0.000630 	0.000630 	0.000139 	0.000139 	0.013040 	0.000695 	
0.000000 	0.000000 	0.000000 	0.000000 	0.000000 	0.000000 	0.000000 	0.000000 	0.000000 	0.000000 	0.000000 	0.000000 	0.000000 	0.000000 	0.000000 	0.000000 	0.000000 	0.000000 	0.000000 	0.000000 	0.000000 	0.000000 	0.000000 	0.000000 	0.000000 	0.000000 	0.000000 	0.000000 	0.500000 	0.500000 	0.000000 	0.000000 	0.000000 	0.000000 	0.000000 	0.000000 	0.000000 	0.000000 	0.000000 	0.000000 	
0.000000 	0.000000 	0.000000 	0.000000 	0.000000 	0.000000 	0.000000 	0.000000 	0.000000 	0.000000 	0.000000 	0.000000 	0.000000 	0.000000 	0.000000 	0.000000 	0.000000 	0.000000 	0.000000 	0.000000 	0.000000 	0.000000 	0.000000 	0.000000 	0.000000 	0.000000 	0.000000 	0.000000 	0.500000 	0.500000 	0.000000 	0.000000 	0.000000 	0.000000 	0.000000 	0.000000 	0.000000 	0.000000 	0.000000 	0.000000 	
0.002264 	0.065524 	0.000000 	0.000000 	0.005094 	0.174906 	0.001887 	0.064780 	0.000188 	0.000191 	0.001510 	0.051824 	0.000566 	0.019434 	0.000000 	0.000000 	0.001510 	0.051824 	0.000755 	0.019623 	0.000000 	0.000000 	0.001132 	0.038868 	0.000000 	0.000000 	0.003396 	0.116604 	0.004151 	0.167304 	0.002453 	0.084214 	0.003208 	0.110126 	0.000188 	0.006478 	0.000000 	0.000000 	0.000000 	0.000000 	
0.014913 	0.057761 	0.000352 	0.006525 	0.000537 	0.000537 	0.000611 	0.000611 	0.045494 	0.465245 	0.000667 	0.000667 	0.000222 	0.000222 	0.001445 	0.032309 	0.000583 	0.000583 	0.051773 	0.205734 	0.001130 	0.031994 	0.000426 	0.000426 	0.000426 	0.000426 	0.000370 	0.000370 	0.000454 	0.000454 	0.000574 	0.000574 	0.000528 	0.000528 	0.014827 	0.051864 	0.006497 	0.000324 	0.000509 	0.000509 	
0.019785 	0.001269 	0.000167 	0.000167 	0.000537 	0.000537 	0.000611 	0.000611 	0.025802 	0.001111 	0.000667 	0.000667 	0.000222 	0.000222 	0.140395 	0.004592 	0.000583 	0.000583 	0.629696 	0.025117 	0.076500 	0.002426 	0.000426 	0.000426 	0.000426 	0.000426 	0.000370 	0.000370 	0.000454 	0.000454 	0.000574 	0.000574 	0.007071 	0.000898 	0.045868 	0.002296 	0.000139 	0.000139 	0.006497 	0.000324 	
0.080200 	0.027848 	0.005798 	0.000352 	0.013609 	0.005984 	0.003879 	0.002790 	0.043410 	0.028159 	0.069011 	0.024348 	0.001312 	0.004580 	0.058623 	0.040105 	0.072675 	0.011673 	0.097583 	0.056189 	0.018907 	0.006925 	0.003879 	0.006058 	0.016766 	0.006962 	0.022200 	0.003682 	0.013732 	0.002839 	0.028733 	0.013483 	0.040691 	0.013458 	0.069564 	0.024965 	0.022110 	0.009038 	0.014485 	0.013396 	
0.208986 	0.158039 	0.007310 	0.001578 	0.000762 	0.001166 	0.001820 	0.001240 	0.008024 	0.005490 	0.128226 	0.053817 	0.001438 	0.001499 	0.008182 	0.014486 	0.001244 	0.002987 	0.052612 	0.058752 	0.011980 	0.013308 	0.002123 	0.003063 	0.005179 	0.002757 	0.002851 	0.002846 	0.002380 	0.002899 	0.041127 	0.033224 	0.044521 	0.032419 	0.041737 	0.032775 	0.001377 	0.001967 	0.001047 	0.002760 	
0.208986 	0.158039 	0.007310 	0.001578 	0.000762 	0.001166 	0.001820 	0.001240 	0.008024 	0.005490 	0.128226 	0.053817 	0.001438 	0.001499 	0.008182 	0.014486 	0.001244 	0.002987 	0.052612 	0.058752 	0.011980 	0.013308 	0.002123 	0.003063 	0.005179 	0.002757 	0.002851 	0.002846 	0.002380 	0.002899 	0.041127 	0.033224 	0.044521 	0.032419 	0.041737 	0.032775 	0.001377 	0.001967 	0.001047 	0.002760 	
0.208986 	0.158039 	0.007310 	0.001578 	0.000762 	0.001166 	0.001820 	0.001240 	0.008024 	0.005490 	0.128226 	0.053817 	0.001438 	0.001499 	0.008182 	0.014486 	0.001244 	0.002987 	0.052612 	0.058752 	0.011980 	0.013308 	0.002123 	0.003063 	0.005179 	0.002757 	0.002851 	0.002846 	0.002380 	0.002899 	0.041127 	0.033224 	0.044521 	0.032419 	0.041737 	0.032775 	0.001377 	0.001967 	0.001047 	0.002760 	
0.208986 	0.158039 	0.007310 	0.001578 	0.000762 	0.001166 	0.001820 	0.001240 	0.008024 	0.005490 	0.128226 	0.053817 	0.001438 	0.001499 	0.008182 	0.014486 	0.001244 	0.002987 	0.052612 	0.058752 	0.011980 	0.013308 	0.002123 	0.003063 	0.005179 	0.002757 	0.002851 	0.002846 	0.002380 	0.002899 	0.041127 	0.033224 	0.044521 	0.032419 	0.041737 	0.032775 	0.001377 	0.001967 	0.001047 	0.002760 	
0.208986 	0.158039 	0.007310 	0.001578 	0.000762 	0.001166 	0.001820 	0.001240 	0.008024 	0.005490 	0.128226 	0.053817 	0.001438 	0.001499 	0.008182 	0.014486 	0.001244 	0.002987 	0.052612 	0.058752 	0.011980 	0.013308 	0.002123 	0.003063 	0.005179 	0.002757 	0.002851 	0.002846 	0.002380 	0.002899 	0.041127 	0.033224 	0.044521 	0.032419 	0.041737 	0.032775 	0.001377 	0.001967 	0.001047 	0.002760 	
0.208986 	0.158039 	0.007310 	0.001578 	0.000762 	0.001166 	0.001820 	0.001240 	0.008024 	0.005490 	0.128226 	0.053817 	0.001438 	0.001499 	0.008182 	0.014486 	0.001244 	0.002987 	0.052612 	0.058752 	0.011980 	0.013308 	0.002123 	0.003063 	0.005179 	0.002757 	0.002851 	0.002846 	0.002380 	0.002899 	0.041127 	0.033224 	0.044521 	0.032419 	0.041737 	0.032775 	0.001377 	0.001967 	0.001047 	0.002760 	
0.208986 	0.158039 	0.007310 	0.001578 	0.000762 	0.001166 	0.001820 	0.001240 	0.008024 	0.005490 	0.128226 	0.053817 	0.001438 	0.001499 	0.008182 	0.014486 	0.001244 	0.002987 	0.052612 	0.058752 	0.011980 	0.013308 	0.002123 	0.003063 	0.005179 	0.002757 	0.002851 	0.002846 	0.002380 	0.002899 	0.041127 	0.033224 	0.044521 	0.032419 	0.041737 	0.032775 	0.001377 	0.001967 	0.001047 	0.002760 	
0.208986 	0.158039 	0.007310 	0.001578 	0.000762 	0.001166 	0.001820 	0.001240 	0.008024 	0.005490 	0.128226 	0.053817 	0.001438 	0.001499 	0.008182 	0.014486 	0.001244 	0.002987 	0.052612 	0.058752 	0.011980 	0.013308 	0.002123 	0.003063 	0.005179 	0.002757 	0.002851 	0.002846 	0.002380 	0.002899 	0.041127 	0.033224 	0.044521 	0.032419 	0.041737 	0.032775 	0.001377 	0.001967 	0.001047 	0.002760 	
0.208986 	0.158039 	0.007310 	0.001578 	0.000762 	0.001166 	0.001820 	0.001240 	0.008024 	0.005490 	0.128226 	0.053817 	0.001438 	0.001499 	0.008182 	0.014486 	0.001244 	0.002987 	0.052612 	0.058752 	0.011980 	0.013308 	0.002123 	0.003063 	0.005179 	0.002757 	0.002851 	0.002846 	0.002380 	0.002899 	0.041127 	0.033224 	0.044521 	0.032419 	0.041737 	0.032775 	0.001377 	0.001967 	0.001047 	0.002760 	
0.208986 	0.158039 	0.007310 	0.001578 	0.000762 	0.001166 	0.001820 	0.001240 	0.008024 	0.005490 	0.128226 	0.053817 	0.001438 	0.001499 	0.008182 	0.014486 	0.001244 	0.002987 	0.052612 	0.058752 	0.011980 	0.013308 	0.002123 	0.003063 	0.005179 	0.002757 	0.002851 	0.002846 	0.002380 	0.002899 	0.041127 	0.033224 	0.044521 	0.032419 	0.041737 	0.032775 	0.001377 	0.001967 	0.001047 	0.002760 	
0.208986 	0.158039 	0.007310 	0.001578 	0.000762 	0.001166 	0.001820 	0.001240 	0.008024 	0.005490 	0.128226 	0.053817 	0.001438 	0.001499 	0.008182 	0.014486 	0.001244 	0.002987 	0.052612 	0.058752 	0.011980 	0.013308 	0.002123 	0.003063 	0.005179 	0.002757 	0.002851 	0.002846 	0.002380 	0.002899 	0.041127 	0.033224 	0.044521 	0.032419 	0.041737 	0.032775 	0.001377 	0.001967 	0.001047 	0.002760 	
0.208986 	0.158039 	0.007310 	0.001578 	0.000762 	0.001166 	0.001820 	0.001240 	0.008024 	0.005490 	0.128226 	0.053817 	0.001438 	0.001499 	0.008182 	0.014486 	0.001244 	0.002987 	0.052612 	0.058752 	0.011980 	0.013308 	0.002123 	0.003063 	0.005179 	0.002757 	0.002851 	0.002846 	0.002380 	0.002899 	0.041127 	0.033224 	0.044521 	0.032419 	0.041737 	0.032775 	0.001377 	0.001967 	0.001047 	0.002760 	
0.208986 	0.158039 	0.007310 	0.001578 	0.000762 	0.001166 	0.001820 	0.001240 	0.008024 	0.005490 	0.128226 	0.053817 	0.001438 	0.001499 	0.008182 	0.014486 	0.001244 	0.002987 	0.052612 	0.058752 	0.011980 	0.013308 	0.002123 	0.003063 	0.005179 	0.002757 	0.002851 	0.002846 	0.002380 	0.002899 	0.041127 	0.033224 	0.044521 	0.032419 	0.041737 	0.032775 	0.001377 	0.001967 	0.001047 	0.002760 	
0.208986 	0.158039 	0.007310 	0.001578 	0.000762 	0.001166 	0.001820 	0.001240 	0.008024 	0.005490 	0.128226 	0.053817 	0.001438 	0.001499 	0.008182 	0.014486 	0.001244 	0.002987 	0.052612 	0.058752 	0.011980 	0.013308 	0.002123 	0.003063 	0.005179 	0.002757 	0.002851 	0.002846 	0.002380 	0.002899 	0.041127 	0.033224 	0.044521 	0.032419 	0.041737 	0.032775 	0.001377 	0.001967 	0.001047 	0.002760 	
0.208986 	0.158039 	0.007310 	0.001578 	0.000762 	0.001166 	0.001820 	0.001240 	0.008024 	0.005490 	0.128226 	0.053817 	0.001438 	0.001499 	0.008182 	0.014486 	0.001244 	0.002987 	0.052612 	0.058752 	0.011980 	0.013308 	0.002123 	0.003063 	0.005179 	0.002757 	0.002851 	0.002846 	0.002380 	0.002899 	0.041127 	0.033224 	0.044521 	0.032419 	0.041737 	0.032775 	0.001377 	0.001967 	0.001047 	0.002760 	
0.208986 	0.158039 	0.007310 	0.001578 	0.000762 	0.001166 	0.001820 	0.001240 	0.008024 	0.005490 	0.128226 	0.053817 	0.001438 	0.001499 	0.008182 	0.014486 	0.001244 	0.002987 	0.052612 	0.058752 	0.011980 	0.013308 	0.002123 	0.003063 	0.005179 	0.002757 	0.002851 	0.002846 	0.002380 	0.002899 	0.041127 	0.033224 	0.044521 	0.032419 	0.041737 	0.032775 	0.001377 	0.001967 	0.001047 	0.002760 	
0.208986 	0.158039 	0.007310 	0.001578 	0.000762 	0.001166 	0.001820 	0.001240 	0.008024 	0.005490 	0.128226 	0.053817 	0.001438 	0.001499 	0.008182 	0.014486 	0.001244 	0.002987 	0.052612 	0.058752 	0.011980 	0.013308 	0.002123 	0.003063 	0.005179 	0.002757 	0.002851 	0.002846 	0.002380 	0.002899 	0.041127 	0.033224 	0.044521 	0.032419 	0.041737 	0.032775 	0.001377 	0.001967 	0.001047 	0.002760 	
0.208986 	0.158039 	0.007310 	0.001578 	0.000762 	0.001166 	0.001820 	0.001240 	0.008024 	0.005490 	0.128226 	0.053817 	0.001438 	0.001499 	0.008182 	0.014486 	0.001244 	0.002987 	0.052612 	0.058752 	0.011980 	0.013308 	0.002123 	0.003063 	0.005179 	0.002757 	0.002851 	0.002846 	0.002380 	0.002899 	0.041127 	0.033224 	0.044521 	0.032419 	0.041737 	0.032775 	0.001377 	0.001967 	0.001047 	0.002760 	
0.219196 	0.054715 	0.000000 	0.000000 	0.000000 	0.000000 	0.000238 	0.000095 	0.033887 	0.003192 	0.112209 	0.001550 	0.000000 	0.000000 	0.013077 	0.012571 	0.000000 	0.000000 	0.264029 	0.066430 	0.034299 	0.015093 	0.000000 	0.000000 	0.000000 	0.000000 	0.000000 	0.000000 	0.000169 	0.000095 	0.027773 	0.000206 	0.024323 	0.000490 	0.083469 	0.012366 	0.010908 	0.000670 	0.007465 	0.001485 	
0.219196 	0.054715 	0.000000 	0.000000 	0.000000 	0.000000 	0.000238 	0.000095 	0.033887 	0.003192 	0.112209 	0.001550 	0.000000 	0.000000 	0.013077 	0.012571 	0.000000 	0.000000 	0.264029 	0.066430 	0.034299 	0.015093 	0.000000 	0.000000 	0.000000 	0.000000 	0.000000 	0.000000 	0.000169 	0.000095 	0.027773 	0.000206 	0.024323 	0.000490 	0.083469 	0.012366 	0.010908 	0.000670 	0.007465 	0.001485 	
0.042309 	0.076095 	0.001918 	0.004141 	0.006567 	0.010068 	0.006290 	0.008836 	0.004029 	0.021057 	0.052116 	0.053917 	0.008813 	0.007671 	0.005680 	0.021652 	0.008011 	0.012929 	0.014353 	0.045010 	0.002476 	0.010666 	0.016466 	0.025965 	0.081718 	0.054719 	0.020626 	0.022158 	0.007953 	0.018375 	0.070589 	0.074169 	0.048031 	0.057637 	0.017614 	0.042510 	0.003903 	0.003328 	0.002922 	0.006712 	
0.042309 	0.076095 	0.001918 	0.004141 	0.006567 	0.010068 	0.006290 	0.008836 	0.004029 	0.021057 	0.052116 	0.053917 	0.008813 	0.007671 	0.005680 	0.021652 	0.008011 	0.012929 	0.014353 	0.045010 	0.002476 	0.010666 	0.016466 	0.025965 	0.081718 	0.054719 	0.020626 	0.022158 	0.007953 	0.018375 	0.070589 	0.074169 	0.048031 	0.057637 	0.017614 	0.042510 	0.003903 	0.003328 	0.002922 	0.006712 	
0.042309 	0.076095 	0.001918 	0.004141 	0.006567 	0.010068 	0.006290 	0.008836 	0.004029 	0.021057 	0.052116 	0.053917 	0.008813 	0.007671 	0.005680 	0.021652 	0.008011 	0.012929 	0.014353 	0.045010 	0.002476 	0.010666 	0.016466 	0.025965 	0.081718 	0.054719 	0.020626 	0.022158 	0.007953 	0.018375 	0.070589 	0.074169 	0.048031 	0.057637 	0.017614 	0.042510 	0.003903 	0.003328 	0.002922 	0.006712 	
0.042309 	0.076095 	0.001918 	0.004141 	0.006567 	0.010068 	0.006290 	0.008836 	0.004029 	0.021057 	0.052116 	0.053917 	0.008813 	0.007671 	0.005680 	0.021652 	0.008011 	0.012929 	0.014353 	0.045010 	0.002476 	0.010666 	0.016466 	0.025965 	0.081718 	0.054719 	0.020626 	0.022158 	0.007953 	0.018375 	0.070589 	0.074169 	0.048031 	0.057637 	0.017614 	0.042510 	0.003903 	0.003328 	0.002922 	0.006712 	
0.042309 	0.076095 	0.001918 	0.004141 	0.006567 	0.010068 	0.006290 	0.008836 	0.004029 	0.021057 	0.052116 	0.053917 	0.008813 	0.007671 	0.005680 	0.021652 	0.008011 	0.012929 	0.014353 	0.045010 	0.002476 	0.010666 	0.016466 	0.025965 	0.081718 	0.054719 	0.020626 	0.022158 	0.007953 	0.018375 	0.070589 	0.074169 	0.048031 	0.057637 	0.017614 	0.042510 	0.003903 	0.003328 	0.002922 	0.006712 	
0.230066 	0.439271 	0.004184 	0.004184 	0.002033 	0.000059 	0.002270 	0.008191 	0.000178 	0.006099 	0.008546 	0.014467 	0.004125 	0.002151 	0.008250 	0.004303 	0.000000 	0.000000 	0.010993 	0.026782 	0.000000 	0.000000 	0.000237 	0.008131 	0.000059 	0.002033 	0.004125 	0.002151 	0.002210 	0.006157 	0.033354 	0.029407 	0.008546 	0.014467 	0.026881 	0.086090 	0.000000 	0.000000 	0.000000 	0.000000 	
0.075866 	0.024552 	0.002033 	0.000059 	0.018355 	0.002566 	0.026545 	0.002862 	0.079577 	0.016421 	0.026605 	0.006868 	0.081491 	0.008467 	0.016263 	0.000474 	0.024572 	0.006809 	0.093984 	0.018987 	0.030848 	0.013085 	0.032822 	0.011112 	0.016381 	0.004539 	0.093866 	0.014920 	0.032584 	0.001006 	0.075630 	0.016421 	0.020506 	0.006691 	0.022539 	0.006750 	0.024512 	0.004776 	0.030670 	0.006987 	
0.524057 	0.419455 	0.000000 	0.000000 	0.000000 	0.000000 	0.000059 	0.002033 	0.000000 	0.000000 	0.012316 	0.004421 	0.000000 	0.000000 	0.000000 	0.000000 	0.000059 	0.002033 	0.000000 	0.000000 	0.000000 	0.000000 	0.000000 	0.000000 	0.000000 	0.000000 	0.002033 	0.000059 	0.002033 	0.000059 	0.012316 	0.004421 	0.000178 	0.006099 	0.000178 	0.006099 	0.000000 	0.000000 	0.000059 	0.002033 	
0.330211 	0.020277 	0.000167 	0.000167 	0.076471 	0.008673 	0.084409 	0.003052 	0.008351 	0.000603 	0.044561 	0.001945 	0.008203 	0.000454 	0.012490 	0.000867 	0.050696 	0.008080 	0.024971 	0.007538 	0.002199 	0.000262 	0.032349 	0.001356 	0.010344 	0.000658 	0.088333 	0.008913 	0.014420 	0.000860 	0.054619 	0.008129 	0.026523 	0.003278 	0.034606 	0.003613 	0.002134 	0.000197 	0.012353 	0.002668 	
0.033217 	0.021595 	0.002162 	0.000225 	0.069768 	0.050398 	0.056748 	0.081930 	0.000429 	0.002366 	0.041674 	0.039737 	0.004271 	0.002334 	0.010843 	0.012780 	0.006917 	0.012729 	0.003373 	0.020807 	0.002373 	0.004310 	0.027177 	0.029114 	0.061212 	0.036030 	0.017261 	0.032758 	0.004677 	0.008551 	0.043810 	0.047684 	0.052616 	0.075861 	0.031545 	0.035419 	0.002250 	0.004187 	0.002493 	0.006368 	
0.017120 	0.084918 	0.000341 	0.006152 	0.009389 	0.030697 	0.014035 	0.050840 	0.005000 	0.022434 	0.010856 	0.074779 	0.002392 	0.006266 	0.005380 	0.030563 	0.009784 	0.042715 	0.012225 	0.052904 	0.000320 	0.004194 	0.015554 	0.040737 	0.033512 	0.041260 	0.009688 	0.046492 	0.009306 	0.030614 	0.021979 	0.051035 	0.025090 	0.089014 	0.008300 	0.060602 	0.000139 	0.000139 	0.008712 	0.014523 	
0.034670 	0.071475 	0.002336 	0.006210 	0.019830 	0.046949 	0.021435 	0.033057 	0.008641 	0.010579 	0.020483 	0.065036 	0.006266 	0.002392 	0.003386 	0.030505 	0.009378 	0.028749 	0.009997 	0.042928 	0.004252 	0.002315 	0.029230 	0.031167 	0.041667 	0.045541 	0.019025 	0.024836 	0.009074 	0.022633 	0.021920 	0.049040 	0.046689 	0.079619 	0.027671 	0.039294 	0.004478 	0.012226 	0.006542 	0.008479 	
0.036491 	0.067484 	0.000225 	0.002162 	0.023763 	0.045071 	0.017909 	0.046966 	0.002482 	0.004419 	0.022071 	0.051128 	0.002624 	0.014247 	0.007841 	0.046582 	0.017707 	0.040952 	0.012051 	0.044981 	0.000494 	0.010180 	0.027410 	0.037095 	0.031632 	0.045192 	0.019141 	0.028826 	0.012890 	0.016764 	0.021979 	0.051035 	0.051570 	0.041884 	0.013995 	0.048863 	0.002308 	0.006182 	0.012702 	0.012702 	
0.037042 	0.054009 	0.005622 	0.007319 	0.027586 	0.032167 	0.023531 	0.029427 	0.011727 	0.022756 	0.033561 	0.054856 	0.007510 	0.011879 	0.017209 	0.029468 	0.026904 	0.032843 	0.026114 	0.043336 	0.007453 	0.010974 	0.022453 	0.029410 	0.021966 	0.027905 	0.017802 	0.025607 	0.018418 	0.023848 	0.027481 	0.037237 	0.029425 	0.041175 	0.027979 	0.046686 	0.006011 	0.010126 	0.013726 	0.019452 	
0.000000 	0.000000 	0.000000 	0.000000 	0.000000 	0.000000 	0.000000 	0.000000 	0.000000 	0.000000 	0.000000 	0.000000 	0.000000 	0.000000 	0.000000 	0.000000 	0.000000 	0.000000 	0.000000 	0.000000 	0.000000 	0.000000 	0.000000 	0.000000 	0.000000 	0.000000 	0.000000 	0.000000 	0.000000 	0.000000 	0.000000 	0.000000 	0.000000 	0.000000 	0.000000 	0.000000 	0.000000 	0.000000 	0.000000 	0.000000 	
