0.000	0.000	0.000	0.000	0.000	0.000	0.000	0.000	0.000	0.000	0.000	0.000	0.000	0.000	0.000	0.000	0.000	0.000	0.000	0.000	
0.055	0.002	0.017	0.007	0.160	0.042	0.038	0.043	0.013	0.109	0.017	0.013	0.010	0.013	0.010	0.020	0.045	0.092	0.119	0.175	
0.068	0.001	0.058	0.063	0.022	0.157	0.016	0.023	0.049	0.035	0.017	0.067	0.008	0.049	0.071	0.109	0.093	0.025	0.015	0.054	
0.123	0.001	0.011	0.005	0.076	0.089	0.011	0.074	0.011	0.179	0.025	0.012	0.029	0.017	0.011	0.029	0.046	0.139	0.021	0.092	
0.068	0.001	0.058	0.063	0.022	0.157	0.016	0.023	0.049	0.035	0.017	0.067	0.008	0.049	0.071	0.109	0.093	0.025	0.015	0.054	
0.123	0.001	0.011	0.005	0.076	0.089	0.011	0.074	0.011	0.179	0.025	0.012	0.029	0.017	0.011	0.029	0.046	0.139	0.021	0.092	
0.068	0.001	0.058	0.063	0.022	0.157	0.016	0.023	0.049	0.035	0.017	0.067	0.008	0.049	0.071	0.109	0.093	0.025	0.015	0.054	
0.123	0.001	0.011	0.005	0.076	0.089	0.011	0.074	0.011	0.179	0.025	0.012	0.029	0.017	0.011	0.029	0.046	0.139	0.021	0.092	
0.068	0.001	0.058	0.063	0.022	0.157	0.016	0.023	0.049	0.035	0.017	0.067	0.008	0.049	0.071	0.109	0.093	0.025	0.015	0.054	
0.123	0.001	0.011	0.005	0.076	0.089	0.011	0.074	0.011	0.179	0.025	0.012	0.029	0.017	0.011	0.029	0.046	0.139	0.021	0.092	
0.068	0.001	0.058	0.063	0.022	0.157	0.016	0.023	0.049	0.035	0.017	0.067	0.008	0.049	0.071	0.109	0.093	0.025	0.015	0.054	
0.123	0.001	0.011	0.005	0.076	0.089	0.011	0.074	0.011	0.179	0.025	0.012	0.029	0.017	0.011	0.029	0.046	0.139	0.021	0.092	
0.068	0.001	0.058	0.063	0.022	0.157	0.016	0.023	0.049	0.035	0.017	0.067	0.008	0.049	0.071	0.109	0.093	0.025	0.015	0.054	
0.123	0.001	0.011	0.005	0.076	0.089	0.011	0.074	0.011	0.179	0.025	0.012	0.029	0.017	0.011	0.029	0.046	0.139	0.021	0.092	
0.068	0.001	0.058	0.063	0.022	0.157	0.016	0.023	0.049	0.035	0.017	0.067	0.008	0.049	0.071	0.109	0.093	0.025	0.015	0.054	
0.123	0.001	0.011	0.005	0.076	0.089	0.011	0.074	0.011	0.179	0.025	0.012	0.029	0.017	0.011	0.029	0.046	0.139	0.021	0.092	
0.068	0.001	0.058	0.063	0.022	0.157	0.016	0.023	0.049	0.035	0.017	0.067	0.008	0.049	0.071	0.109	0.093	0.025	0.015	0.054	
0.055	0.002	0.017	0.007	0.160	0.042	0.038	0.043	0.013	0.109	0.017	0.013	0.010	0.013	0.010	0.020	0.045	0.092	0.119	0.175	
0.067	0.001	0.099	0.058	0.026	0.094	0.012	0.028	0.071	0.036	0.015	0.093	0.031	0.054	0.062	0.084	0.074	0.041	0.014	0.038	
0.067	0.001	0.099	0.058	0.026	0.094	0.012	0.028	0.071	0.036	0.015	0.093	0.031	0.054	0.062	0.084	0.074	0.041	0.014	0.038	
0.067	0.001	0.099	0.058	0.026	0.094	0.012	0.028	0.071	0.036	0.015	0.093	0.031	0.054	0.062	0.084	0.074	0.041	0.014	0.038	
0.067	0.001	0.099	0.058	0.026	0.094	0.012	0.028	0.071	0.036	0.015	0.093	0.031	0.054	0.062	0.084	0.074	0.041	0.014	0.038	
0.067	0.001	0.099	0.058	0.026	0.094	0.012	0.028	0.071	0.036	0.015	0.093	0.031	0.054	0.062	0.084	0.074	0.041	0.014	0.038	
0.067	0.001	0.099	0.058	0.026	0.094	0.012	0.028	0.071	0.036	0.015	0.093	0.031	0.054	0.062	0.084	0.074	0.041	0.014	0.038	
0.094	0.006	0.086	0.037	0.029	0.131	0.015	0.038	0.045	0.054	0.007	0.072	0.035	0.038	0.033	0.085	0.088	0.031	0.010	0.066	
0.067	0.001	0.099	0.058	0.026	0.094	0.012	0.028	0.071	0.036	0.015	0.093	0.031	0.054	0.062	0.084	0.074	0.041	0.014	0.038	
0.067	0.001	0.099	0.058	0.026	0.094	0.012	0.028	0.071	0.036	0.015	0.093	0.031	0.054	0.062	0.084	0.074	0.041	0.014	0.038	
0.067	0.001	0.099	0.058	0.026	0.094	0.012	0.028	0.071	0.036	0.015	0.093	0.031	0.054	0.062	0.084	0.074	0.041	0.014	0.038	
0.067	0.001	0.099	0.058	0.026	0.094	0.012	0.028	0.071	0.036	0.015	0.093	0.031	0.054	0.062	0.084	0.074	0.041	0.014	0.038	
0.067	0.001	0.099	0.058	0.026	0.094	0.012	0.028	0.071	0.036	0.015	0.093	0.031	0.054	0.062	0.084	0.074	0.041	0.014	0.038	
0.067	0.001	0.099	0.058	0.026	0.094	0.012	0.028	0.071	0.036	0.015	0.093	0.031	0.054	0.062	0.084	0.074	0.041	0.014	0.038	
0.055	0.002	0.017	0.007	0.160	0.042	0.038	0.043	0.013	0.109	0.017	0.013	0.010	0.013	0.010	0.020	0.045	0.092	0.119	0.175	
0.068	0.001	0.058	0.063	0.022	0.157	0.016	0.023	0.049	0.035	0.017	0.067	0.008	0.049	0.071	0.109	0.093	0.025	0.015	0.054	
0.123	0.001	0.011	0.005	0.076	0.089	0.011	0.074	0.011	0.179	0.025	0.012	0.029	0.017	0.011	0.029	0.046	0.139	0.021	0.092	
0.068	0.001	0.058	0.063	0.022	0.157	0.016	0.023	0.049	0.035	0.017	0.067	0.008	0.049	0.071	0.109	0.093	0.025	0.015	0.054	
0.123	0.001	0.011	0.005	0.076	0.089	0.011	0.074	0.011	0.179	0.025	0.012	0.029	0.017	0.011	0.029	0.046	0.139	0.021	0.092	
0.068	0.001	0.058	0.063	0.022	0.157	0.016	0.023	0.049	0.035	0.017	0.067	0.008	0.049	0.071	0.109	0.093	0.025	0.015	0.054	
0.123	0.001	0.011	0.005	0.076	0.089	0.011	0.074	0.011	0.179	0.025	0.012	0.029	0.017	0.011	0.029	0.046	0.139	0.021	0.092	
0.068	0.001	0.058	0.063	0.022	0.157	0.016	0.023	0.049	0.035	0.017	0.067	0.008	0.049	0.071	0.109	0.093	0.025	0.015	0.054	
0.123	0.001	0.011	0.005	0.076	0.089	0.011	0.074	0.011	0.179	0.025	0.012	0.029	0.017	0.011	0.029	0.046	0.139	0.021	0.092	
0.068	0.001	0.058	0.063	0.022	0.157	0.016	0.023	0.049	0.035	0.017	0.067	0.008	0.049	0.071	0.109	0.093	0.025	0.015	0.054	
0.123	0.001	0.011	0.005	0.076	0.089	0.011	0.074	0.011	0.179	0.025	0.012	0.029	0.017	0.011	0.029	0.046	0.139	0.021	0.092	
0.068	0.001	0.058	0.063	0.022	0.157	0.016	0.023	0.049	0.035	0.017	0.067	0.008	0.049	0.071	0.109	0.093	0.025	0.015	0.054	
0.123	0.001	0.011	0.005	0.076	0.089	0.011	0.074	0.011	0.179	0.025	0.012	0.029	0.017	0.011	0.029	0.046	0.139	0.021	0.092	
0.068	0.001	0.058	0.063	0.022	0.157	0.016	0.023	0.049	0.035	0.017	0.067	0.008	0.049	0.071	0.109	0.093	0.025	0.015	0.054	
0.123	0.001	0.011	0.005	0.076	0.089	0.011	0.074	0.011	0.179	0.025	0.012	0.029	0.017	0.011	0.029	0.046	0.139	0.021	0.092	
0.068	0.001	0.058	0.063	0.022	0.157	0.016	0.023	0.049	0.035	0.017	0.067	0.008	0.049	0.071	0.109	0.093	0.025	0.015	0.054	
0.055	0.002	0.017	0.007	0.160	0.042	0.038	0.043	0.013	0.109	0.017	0.013	0.010	0.013	0.010	0.020	0.045	0.092	0.119	0.175	
0.061	0.002	0.137	0.050	0.029	0.145	0.011	0.027	0.052	0.046	0.017	0.102	0.072	0.040	0.029	0.056	0.070	0.024	0.020	0.009	
0.061	0.002	0.137	0.050	0.029	0.145	0.011	0.027	0.052	0.046	0.017	0.102	0.072	0.040	0.029	0.056	0.070	0.024	0.020	0.009	
0.061	0.002	0.137	0.050	0.029	0.145	0.011	0.027	0.052	0.046	0.017	0.102	0.072	0.040	0.029	0.056	0.070	0.024	0.020	0.009	
0.061	0.002	0.137	0.050	0.029	0.145	0.011	0.027	0.052	0.046	0.017	0.102	0.072	0.040	0.029	0.056	0.070	0.024	0.020	0.009	
0.061	0.002	0.137	0.050	0.029	0.145	0.011	0.027	0.052	0.046	0.017	0.102	0.072	0.040	0.029	0.056	0.070	0.024	0.020	0.009	
0.061	0.002	0.137	0.050	0.029	0.145	0.011	0.027	0.052	0.046	0.017	0.102	0.072	0.040	0.029	0.056	0.070	0.024	0.020	0.009	
0.094	0.001	0.061	0.048	0.020	0.100	0.014	0.057	0.024	0.072	0.019	0.057	0.057	0.042	0.064	0.078	0.070	0.089	0.010	0.022	
0.061	0.002	0.137	0.050	0.029	0.145	0.011	0.027	0.052	0.046	0.017	0.102	0.072	0.040	0.029	0.056	0.070	0.024	0.020	0.009	
0.061	0.002	0.137	0.050	0.029	0.145	0.011	0.027	0.052	0.046	0.017	0.102	0.072	0.040	0.029	0.056	0.070	0.024	0.020	0.009	
0.061	0.002	0.137	0.050	0.029	0.145	0.011	0.027	0.052	0.046	0.017	0.102	0.072	0.040	0.029	0.056	0.070	0.024	0.020	0.009	
0.061	0.002	0.137	0.050	0.029	0.145	0.011	0.027	0.052	0.046	0.017	0.102	0.072	0.040	0.029	0.056	0.070	0.024	0.020	0.009	
0.061	0.002	0.137	0.050	0.029	0.145	0.011	0.027	0.052	0.046	0.017	0.102	0.072	0.040	0.029	0.056	0.070	0.024	0.020	0.009	
0.061	0.002	0.137	0.050	0.029	0.145	0.011	0.027	0.052	0.046	0.017	0.102	0.072	0.040	0.029	0.056	0.070	0.024	0.020	0.009	
0.000	0.000	0.000	0.000	0.000	0.000	0.000	0.000	0.000	0.000	0.000	0.000	0.000	0.000	0.000	0.000	0.000	0.000	0.000	0.000	
