0.000000 	0.000000 	0.000000 	0.000000 	0.000000 	0.000000 	0.000000 	0.000000 	0.000000 	0.000000 	0.000000 	0.000000 	0.000000 	0.000000 	0.000000 	0.000000 	0.000000 	0.000000 	0.000000 	0.000000 	
0.052235 	0.000347 	0.000896 	0.002575 	0.166939 	0.016077 	0.088701 	0.036836 	0.000973 	0.168994 	0.021182 	0.001985 	0.001952 	0.003117 	0.002238 	0.006330 	0.005983 	0.117878 	0.131551 	0.173211 	
0.056690 	0.000000 	0.041382 	0.130759 	0.020614 	0.082896 	0.008812 	0.014935 	0.083963 	0.016514 	0.008388 	0.056773 	0.005164 	0.080351 	0.091872 	0.135156 	0.110263 	0.016677 	0.006000 	0.032790 	
0.090175 	0.000278 	0.001085 	0.001020 	0.114484 	0.030230 	0.006791 	0.122125 	0.006624 	0.279824 	0.008264 	0.002056 	0.005070 	0.002580 	0.007090 	0.005451 	0.014550 	0.218554 	0.014009 	0.069740 	
0.056690 	0.000000 	0.041382 	0.130759 	0.020614 	0.082896 	0.008812 	0.014935 	0.083963 	0.016514 	0.008388 	0.056773 	0.005164 	0.080351 	0.091872 	0.135156 	0.110263 	0.016677 	0.006000 	0.032790 	
0.090175 	0.000278 	0.001085 	0.001020 	0.114484 	0.030230 	0.006791 	0.122125 	0.006624 	0.279824 	0.008264 	0.002056 	0.005070 	0.002580 	0.007090 	0.005451 	0.014550 	0.218554 	0.014009 	0.069740 	
0.056690 	0.000000 	0.041382 	0.130759 	0.020614 	0.082896 	0.008812 	0.014935 	0.083963 	0.016514 	0.008388 	0.056773 	0.005164 	0.080351 	0.091872 	0.135156 	0.110263 	0.016677 	0.006000 	0.032790 	
0.090175 	0.000278 	0.001085 	0.001020 	0.114484 	0.030230 	0.006791 	0.122125 	0.006624 	0.279824 	0.008264 	0.002056 	0.005070 	0.002580 	0.007090 	0.005451 	0.014550 	0.218554 	0.014009 	0.069740 	
0.056690 	0.000000 	0.041382 	0.130759 	0.020614 	0.082896 	0.008812 	0.014935 	0.083963 	0.016514 	0.008388 	0.056773 	0.005164 	0.080351 	0.091872 	0.135156 	0.110263 	0.016677 	0.006000 	0.032790 	
0.090175 	0.000278 	0.001085 	0.001020 	0.114484 	0.030230 	0.006791 	0.122125 	0.006624 	0.279824 	0.008264 	0.002056 	0.005070 	0.002580 	0.007090 	0.005451 	0.014550 	0.218554 	0.014009 	0.069740 	
0.056690 	0.000000 	0.041382 	0.130759 	0.020614 	0.082896 	0.008812 	0.014935 	0.083963 	0.016514 	0.008388 	0.056773 	0.005164 	0.080351 	0.091872 	0.135156 	0.110263 	0.016677 	0.006000 	0.032790 	
0.090175 	0.000278 	0.001085 	0.001020 	0.114484 	0.030230 	0.006791 	0.122125 	0.006624 	0.279824 	0.008264 	0.002056 	0.005070 	0.002580 	0.007090 	0.005451 	0.014550 	0.218554 	0.014009 	0.069740 	
0.056690 	0.000000 	0.041382 	0.130759 	0.020614 	0.082896 	0.008812 	0.014935 	0.083963 	0.016514 	0.008388 	0.056773 	0.005164 	0.080351 	0.091872 	0.135156 	0.110263 	0.016677 	0.006000 	0.032790 	
0.090175 	0.000278 	0.001085 	0.001020 	0.114484 	0.030230 	0.006791 	0.122125 	0.006624 	0.279824 	0.008264 	0.002056 	0.005070 	0.002580 	0.007090 	0.005451 	0.014550 	0.218554 	0.014009 	0.069740 	
0.056690 	0.000000 	0.041382 	0.130759 	0.020614 	0.082896 	0.008812 	0.014935 	0.083963 	0.016514 	0.008388 	0.056773 	0.005164 	0.080351 	0.091872 	0.135156 	0.110263 	0.016677 	0.006000 	0.032790 	
0.090175 	0.000278 	0.001085 	0.001020 	0.114484 	0.030230 	0.006791 	0.122125 	0.006624 	0.279824 	0.008264 	0.002056 	0.005070 	0.002580 	0.007090 	0.005451 	0.014550 	0.218554 	0.014009 	0.069740 	
0.056690 	0.000000 	0.041382 	0.130759 	0.020614 	0.082896 	0.008812 	0.014935 	0.083963 	0.016514 	0.008388 	0.056773 	0.005164 	0.080351 	0.091872 	0.135156 	0.110263 	0.016677 	0.006000 	0.032790 	
0.052235 	0.000347 	0.000896 	0.002575 	0.166939 	0.016077 	0.088701 	0.036836 	0.000973 	0.168994 	0.021182 	0.001985 	0.001952 	0.003117 	0.002238 	0.006330 	0.005983 	0.117878 	0.131551 	0.173211 	
0.049416 	0.000280 	0.109350 	0.088054 	0.011627 	0.093753 	0.014139 	0.018273 	0.065938 	0.021448 	0.017439 	0.100848 	0.032679 	0.068606 	0.082431 	0.102945 	0.086197 	0.016538 	0.004865 	0.015174 	
0.049416 	0.000280 	0.109350 	0.088054 	0.011627 	0.093753 	0.014139 	0.018273 	0.065938 	0.021448 	0.017439 	0.100848 	0.032679 	0.068606 	0.082431 	0.102945 	0.086197 	0.016538 	0.004865 	0.015174 	
0.049416 	0.000280 	0.109350 	0.088054 	0.011627 	0.093753 	0.014139 	0.018273 	0.065938 	0.021448 	0.017439 	0.100848 	0.032679 	0.068606 	0.082431 	0.102945 	0.086197 	0.016538 	0.004865 	0.015174 	
0.049392 	0.012978 	0.207012 	0.095097 	0.015168 	0.082809 	0.014571 	0.015168 	0.088079 	0.015172 	0.004044 	0.086309 	0.046186 	0.034387 	0.066759 	0.079631 	0.048833 	0.026526 	0.003876 	0.008004 	
0.049392 	0.012978 	0.207012 	0.095097 	0.015168 	0.082809 	0.014571 	0.015168 	0.088079 	0.015172 	0.004044 	0.086309 	0.046186 	0.034387 	0.066759 	0.079631 	0.048833 	0.026526 	0.003876 	0.008004 	
0.049392 	0.012978 	0.207012 	0.095097 	0.015168 	0.082809 	0.014571 	0.015168 	0.088079 	0.015172 	0.004044 	0.086309 	0.046186 	0.034387 	0.066759 	0.079631 	0.048833 	0.026526 	0.003876 	0.008004 	
0.068695 	0.071106 	0.117636 	0.066639 	0.012069 	0.122701 	0.008690 	0.016228 	0.075974 	0.027579 	0.008493 	0.065952 	0.046519 	0.039781 	0.044195 	0.086111 	0.056708 	0.031272 	0.002559 	0.031093 	
0.049392 	0.012978 	0.207012 	0.095097 	0.015168 	0.082809 	0.014571 	0.015168 	0.088079 	0.015172 	0.004044 	0.086309 	0.046186 	0.034387 	0.066759 	0.079631 	0.048833 	0.026526 	0.003876 	0.008004 	
0.049392 	0.012978 	0.207012 	0.095097 	0.015168 	0.082809 	0.014571 	0.015168 	0.088079 	0.015172 	0.004044 	0.086309 	0.046186 	0.034387 	0.066759 	0.079631 	0.048833 	0.026526 	0.003876 	0.008004 	
0.049392 	0.012978 	0.207012 	0.095097 	0.015168 	0.082809 	0.014571 	0.015168 	0.088079 	0.015172 	0.004044 	0.086309 	0.046186 	0.034387 	0.066759 	0.079631 	0.048833 	0.026526 	0.003876 	0.008004 	
0.049416 	0.000280 	0.109350 	0.088054 	0.011627 	0.093753 	0.014139 	0.018273 	0.065938 	0.021448 	0.017439 	0.100848 	0.032679 	0.068606 	0.082431 	0.102945 	0.086197 	0.016538 	0.004865 	0.015174 	
0.049416 	0.000280 	0.109350 	0.088054 	0.011627 	0.093753 	0.014139 	0.018273 	0.065938 	0.021448 	0.017439 	0.100848 	0.032679 	0.068606 	0.082431 	0.102945 	0.086197 	0.016538 	0.004865 	0.015174 	
0.049416 	0.000280 	0.109350 	0.088054 	0.011627 	0.093753 	0.014139 	0.018273 	0.065938 	0.021448 	0.017439 	0.100848 	0.032679 	0.068606 	0.082431 	0.102945 	0.086197 	0.016538 	0.004865 	0.015174 	
0.022541 	0.000277 	0.002626 	0.001229 	0.300356 	0.013751 	0.022255 	0.047109 	0.001563 	0.219502 	0.007246 	0.000707 	0.010627 	0.002461 	0.002125 	0.001148 	0.007851 	0.065518 	0.124699 	0.146410 	
0.056690 	0.000000 	0.041382 	0.130759 	0.020614 	0.082896 	0.008812 	0.014935 	0.083963 	0.016514 	0.008388 	0.056773 	0.005164 	0.080351 	0.091872 	0.135156 	0.110263 	0.016677 	0.006000 	0.032790 	
0.090175 	0.000278 	0.001085 	0.001020 	0.114484 	0.030230 	0.006791 	0.122125 	0.006624 	0.279824 	0.008264 	0.002056 	0.005070 	0.002580 	0.007090 	0.005451 	0.014550 	0.218554 	0.014009 	0.069740 	
0.056690 	0.000000 	0.041382 	0.130759 	0.020614 	0.082896 	0.008812 	0.014935 	0.083963 	0.016514 	0.008388 	0.056773 	0.005164 	0.080351 	0.091872 	0.135156 	0.110263 	0.016677 	0.006000 	0.032790 	
0.090175 	0.000278 	0.001085 	0.001020 	0.114484 	0.030230 	0.006791 	0.122125 	0.006624 	0.279824 	0.008264 	0.002056 	0.005070 	0.002580 	0.007090 	0.005451 	0.014550 	0.218554 	0.014009 	0.069740 	
0.056690 	0.000000 	0.041382 	0.130759 	0.020614 	0.082896 	0.008812 	0.014935 	0.083963 	0.016514 	0.008388 	0.056773 	0.005164 	0.080351 	0.091872 	0.135156 	0.110263 	0.016677 	0.006000 	0.032790 	
0.090175 	0.000278 	0.001085 	0.001020 	0.114484 	0.030230 	0.006791 	0.122125 	0.006624 	0.279824 	0.008264 	0.002056 	0.005070 	0.002580 	0.007090 	0.005451 	0.014550 	0.218554 	0.014009 	0.069740 	
0.056690 	0.000000 	0.041382 	0.130759 	0.020614 	0.082896 	0.008812 	0.014935 	0.083963 	0.016514 	0.008388 	0.056773 	0.005164 	0.080351 	0.091872 	0.135156 	0.110263 	0.016677 	0.006000 	0.032790 	
0.090175 	0.000278 	0.001085 	0.001020 	0.114484 	0.030230 	0.006791 	0.122125 	0.006624 	0.279824 	0.008264 	0.002056 	0.005070 	0.002580 	0.007090 	0.005451 	0.014550 	0.218554 	0.014009 	0.069740 	
0.056690 	0.000000 	0.041382 	0.130759 	0.020614 	0.082896 	0.008812 	0.014935 	0.083963 	0.016514 	0.008388 	0.056773 	0.005164 	0.080351 	0.091872 	0.135156 	0.110263 	0.016677 	0.006000 	0.032790 	
0.090175 	0.000278 	0.001085 	0.001020 	0.114484 	0.030230 	0.006791 	0.122125 	0.006624 	0.279824 	0.008264 	0.002056 	0.005070 	0.002580 	0.007090 	0.005451 	0.014550 	0.218554 	0.014009 	0.069740 	
0.056690 	0.000000 	0.041382 	0.130759 	0.020614 	0.082896 	0.008812 	0.014935 	0.083963 	0.016514 	0.008388 	0.056773 	0.005164 	0.080351 	0.091872 	0.135156 	0.110263 	0.016677 	0.006000 	0.032790 	
0.090175 	0.000278 	0.001085 	0.001020 	0.114484 	0.030230 	0.006791 	0.122125 	0.006624 	0.279824 	0.008264 	0.002056 	0.005070 	0.002580 	0.007090 	0.005451 	0.014550 	0.218554 	0.014009 	0.069740 	
0.056690 	0.000000 	0.041382 	0.130759 	0.020614 	0.082896 	0.008812 	0.014935 	0.083963 	0.016514 	0.008388 	0.056773 	0.005164 	0.080351 	0.091872 	0.135156 	0.110263 	0.016677 	0.006000 	0.032790 	
0.090175 	0.000278 	0.001085 	0.001020 	0.114484 	0.030230 	0.006791 	0.122125 	0.006624 	0.279824 	0.008264 	0.002056 	0.005070 	0.002580 	0.007090 	0.005451 	0.014550 	0.218554 	0.014009 	0.069740 	
0.056690 	0.000000 	0.041382 	0.130759 	0.020614 	0.082896 	0.008812 	0.014935 	0.083963 	0.016514 	0.008388 	0.056773 	0.005164 	0.080351 	0.091872 	0.135156 	0.110263 	0.016677 	0.006000 	0.032790 	
0.022541 	0.000277 	0.002626 	0.001229 	0.300356 	0.013751 	0.022255 	0.047109 	0.001563 	0.219502 	0.007246 	0.000707 	0.010627 	0.002461 	0.002125 	0.001148 	0.007851 	0.065518 	0.124699 	0.146410 	
0.048793 	0.002866 	0.163020 	0.060021 	0.009977 	0.143458 	0.010724 	0.007265 	0.061208 	0.041383 	0.018434 	0.102933 	0.122981 	0.051220 	0.041065 	0.038714 	0.054264 	0.004986 	0.011052 	0.005635 	
0.048793 	0.002866 	0.163020 	0.060021 	0.009977 	0.143458 	0.010724 	0.007265 	0.061208 	0.041383 	0.018434 	0.102933 	0.122981 	0.051220 	0.041065 	0.038714 	0.054264 	0.004986 	0.011052 	0.005635 	
0.048793 	0.002866 	0.163020 	0.060021 	0.009977 	0.143458 	0.010724 	0.007265 	0.061208 	0.041383 	0.018434 	0.102933 	0.122981 	0.051220 	0.041065 	0.038714 	0.054264 	0.004986 	0.011052 	0.005635 	
0.048793 	0.002866 	0.163020 	0.060021 	0.009977 	0.143458 	0.010724 	0.007265 	0.061208 	0.041383 	0.018434 	0.102933 	0.122981 	0.051220 	0.041065 	0.038714 	0.054264 	0.004986 	0.011052 	0.005635 	
0.048793 	0.002866 	0.163020 	0.060021 	0.009977 	0.143458 	0.010724 	0.007265 	0.061208 	0.041383 	0.018434 	0.102933 	0.122981 	0.051220 	0.041065 	0.038714 	0.054264 	0.004986 	0.011052 	0.005635 	
0.048793 	0.002866 	0.163020 	0.060021 	0.009977 	0.143458 	0.010724 	0.007265 	0.061208 	0.041383 	0.018434 	0.102933 	0.122981 	0.051220 	0.041065 	0.038714 	0.054264 	0.004986 	0.011052 	0.005635 	
0.089450 	0.025908 	0.065638 	0.077341 	0.005504 	0.062893 	0.003363 	0.071313 	0.040432 	0.065953 	0.041350 	0.109418 	0.039413 	0.049121 	0.043399 	0.061405 	0.048547 	0.077564 	0.003095 	0.018893 	
0.048793 	0.002866 	0.163020 	0.060021 	0.009977 	0.143458 	0.010724 	0.007265 	0.061208 	0.041383 	0.018434 	0.102933 	0.122981 	0.051220 	0.041065 	0.038714 	0.054264 	0.004986 	0.011052 	0.005635 	
0.048793 	0.002866 	0.163020 	0.060021 	0.009977 	0.143458 	0.010724 	0.007265 	0.061208 	0.041383 	0.018434 	0.102933 	0.122981 	0.051220 	0.041065 	0.038714 	0.054264 	0.004986 	0.011052 	0.005635 	
0.048793 	0.002866 	0.163020 	0.060021 	0.009977 	0.143458 	0.010724 	0.007265 	0.061208 	0.041383 	0.018434 	0.102933 	0.122981 	0.051220 	0.041065 	0.038714 	0.054264 	0.004986 	0.011052 	0.005635 	
0.048793 	0.002866 	0.163020 	0.060021 	0.009977 	0.143458 	0.010724 	0.007265 	0.061208 	0.041383 	0.018434 	0.102933 	0.122981 	0.051220 	0.041065 	0.038714 	0.054264 	0.004986 	0.011052 	0.005635 	
0.048793 	0.002866 	0.163020 	0.060021 	0.009977 	0.143458 	0.010724 	0.007265 	0.061208 	0.041383 	0.018434 	0.102933 	0.122981 	0.051220 	0.041065 	0.038714 	0.054264 	0.004986 	0.011052 	0.005635 	
0.048793 	0.002866 	0.163020 	0.060021 	0.009977 	0.143458 	0.010724 	0.007265 	0.061208 	0.041383 	0.018434 	0.102933 	0.122981 	0.051220 	0.041065 	0.038714 	0.054264 	0.004986 	0.011052 	0.005635 	
0.000000 	0.000000 	0.000000 	0.000000 	0.000000 	0.000000 	0.000000 	0.000000 	0.000000 	0.000000 	0.000000 	0.000000 	0.000000 	0.000000 	0.000000 	0.000000 	0.000000 	0.000000 	0.000000 	0.000000 	
