0.000000 	0.000000 	0.000000 	0.000000 	0.000000 	0.000000 	0.000000 	0.000000 	0.000000 	0.000000 	0.000000 	0.000000 	0.000000 	0.000000 	0.000000 	0.000000 	0.000000 	0.000000 	0.000000 	0.000000 	0.000000 	0.000000 	0.000000 	0.000000 	0.000000 	0.000000 	0.000000 	0.000000 	0.000000 	0.000000 	0.000000 	0.000000 	0.000000 	0.000000 	0.000000 	0.000000 	0.000000 	0.000000 	0.000000 	0.000000 	
0.025354 	0.037524 	0.000184 	0.000184 	0.006054 	0.003350 	0.000675 	0.004731 	0.028209 	0.093114 	0.019834 	0.023890 	0.017996 	0.038279 	0.008866 	0.042670 	0.002027 	0.004731 	0.032464 	0.110892 	0.004353 	0.012466 	0.003214 	0.009975 	0.001847 	0.004552 	0.005860 	0.007212 	0.003229 	0.005933 	0.004756 	0.016925 	0.008885 	0.015646 	0.022742 	0.075477 	0.021006 	0.095377 	0.056629 	0.122887 	
0.053514 	0.011928 	0.000000 	0.000000 	0.049645 	0.008059 	0.046422 	0.013540 	0.020954 	0.005803 	0.135397 	0.027724 	0.011283 	0.003224 	0.011928 	0.006125 	0.040941 	0.009349 	0.018698 	0.009994 	0.010638 	0.002257 	0.053514 	0.011928 	0.009026 	0.002901 	0.041264 	0.012573 	0.060928 	0.020954 	0.093166 	0.020632 	0.066731 	0.019665 	0.022244 	0.006770 	0.006447 	0.004513 	0.031593 	0.017730 	
0.043698 	0.086865 	0.000180 	0.000180 	0.003874 	0.007132 	0.002294 	0.002701 	0.015825 	0.063065 	0.030452 	0.055701 	0.003952 	0.009246 	0.015156 	0.056288 	0.001887 	0.008810 	0.042835 	0.142202 	0.005222 	0.013367 	0.004985 	0.006206 	0.007918 	0.017692 	0.003729 	0.010245 	0.004194 	0.011117 	0.006037 	0.017032 	0.011772 	0.028876 	0.033507 	0.103553 	0.006356 	0.017759 	0.022370 	0.075719 	
0.053514 	0.011928 	0.000000 	0.000000 	0.049645 	0.008059 	0.046422 	0.013540 	0.020954 	0.005803 	0.135397 	0.027724 	0.011283 	0.003224 	0.011928 	0.006125 	0.040941 	0.009349 	0.018698 	0.009994 	0.010638 	0.002257 	0.053514 	0.011928 	0.009026 	0.002901 	0.041264 	0.012573 	0.060928 	0.020954 	0.093166 	0.020632 	0.066731 	0.019665 	0.022244 	0.006770 	0.006447 	0.004513 	0.031593 	0.017730 	
0.043698 	0.086865 	0.000180 	0.000180 	0.003874 	0.007132 	0.002294 	0.002701 	0.015825 	0.063065 	0.030452 	0.055701 	0.003952 	0.009246 	0.015156 	0.056288 	0.001887 	0.008810 	0.042835 	0.142202 	0.005222 	0.013367 	0.004985 	0.006206 	0.007918 	0.017692 	0.003729 	0.010245 	0.004194 	0.011117 	0.006037 	0.017032 	0.011772 	0.028876 	0.033507 	0.103553 	0.006356 	0.017759 	0.022370 	0.075719 	
0.053514 	0.011928 	0.000000 	0.000000 	0.049645 	0.008059 	0.046422 	0.013540 	0.020954 	0.005803 	0.135397 	0.027724 	0.011283 	0.003224 	0.011928 	0.006125 	0.040941 	0.009349 	0.018698 	0.009994 	0.010638 	0.002257 	0.053514 	0.011928 	0.009026 	0.002901 	0.041264 	0.012573 	0.060928 	0.020954 	0.093166 	0.020632 	0.066731 	0.019665 	0.022244 	0.006770 	0.006447 	0.004513 	0.031593 	0.017730 	
0.043698 	0.086865 	0.000180 	0.000180 	0.003874 	0.007132 	0.002294 	0.002701 	0.015825 	0.063065 	0.030452 	0.055701 	0.003952 	0.009246 	0.015156 	0.056288 	0.001887 	0.008810 	0.042835 	0.142202 	0.005222 	0.013367 	0.004985 	0.006206 	0.007918 	0.017692 	0.003729 	0.010245 	0.004194 	0.011117 	0.006037 	0.017032 	0.011772 	0.028876 	0.033507 	0.103553 	0.006356 	0.017759 	0.022370 	0.075719 	
0.053514 	0.011928 	0.000000 	0.000000 	0.049645 	0.008059 	0.046422 	0.013540 	0.020954 	0.005803 	0.135397 	0.027724 	0.011283 	0.003224 	0.011928 	0.006125 	0.040941 	0.009349 	0.018698 	0.009994 	0.010638 	0.002257 	0.053514 	0.011928 	0.009026 	0.002901 	0.041264 	0.012573 	0.060928 	0.020954 	0.093166 	0.020632 	0.066731 	0.019665 	0.022244 	0.006770 	0.006447 	0.004513 	0.031593 	0.017730 	
0.043698 	0.086865 	0.000180 	0.000180 	0.003874 	0.007132 	0.002294 	0.002701 	0.015825 	0.063065 	0.030452 	0.055701 	0.003952 	0.009246 	0.015156 	0.056288 	0.001887 	0.008810 	0.042835 	0.142202 	0.005222 	0.013367 	0.004985 	0.006206 	0.007918 	0.017692 	0.003729 	0.010245 	0.004194 	0.011117 	0.006037 	0.017032 	0.011772 	0.028876 	0.033507 	0.103553 	0.006356 	0.017759 	0.022370 	0.075719 	
0.053514 	0.011928 	0.000000 	0.000000 	0.049645 	0.008059 	0.046422 	0.013540 	0.020954 	0.005803 	0.135397 	0.027724 	0.011283 	0.003224 	0.011928 	0.006125 	0.040941 	0.009349 	0.018698 	0.009994 	0.010638 	0.002257 	0.053514 	0.011928 	0.009026 	0.002901 	0.041264 	0.012573 	0.060928 	0.020954 	0.093166 	0.020632 	0.066731 	0.019665 	0.022244 	0.006770 	0.006447 	0.004513 	0.031593 	0.017730 	
0.043698 	0.086865 	0.000180 	0.000180 	0.003874 	0.007132 	0.002294 	0.002701 	0.015825 	0.063065 	0.030452 	0.055701 	0.003952 	0.009246 	0.015156 	0.056288 	0.001887 	0.008810 	0.042835 	0.142202 	0.005222 	0.013367 	0.004985 	0.006206 	0.007918 	0.017692 	0.003729 	0.010245 	0.004194 	0.011117 	0.006037 	0.017032 	0.011772 	0.028876 	0.033507 	0.103553 	0.006356 	0.017759 	0.022370 	0.075719 	
0.053514 	0.011928 	0.000000 	0.000000 	0.049645 	0.008059 	0.046422 	0.013540 	0.020954 	0.005803 	0.135397 	0.027724 	0.011283 	0.003224 	0.011928 	0.006125 	0.040941 	0.009349 	0.018698 	0.009994 	0.010638 	0.002257 	0.053514 	0.011928 	0.009026 	0.002901 	0.041264 	0.012573 	0.060928 	0.020954 	0.093166 	0.020632 	0.066731 	0.019665 	0.022244 	0.006770 	0.006447 	0.004513 	0.031593 	0.017730 	
0.043698 	0.086865 	0.000180 	0.000180 	0.003874 	0.007132 	0.002294 	0.002701 	0.015825 	0.063065 	0.030452 	0.055701 	0.003952 	0.009246 	0.015156 	0.056288 	0.001887 	0.008810 	0.042835 	0.142202 	0.005222 	0.013367 	0.004985 	0.006206 	0.007918 	0.017692 	0.003729 	0.010245 	0.004194 	0.011117 	0.006037 	0.017032 	0.011772 	0.028876 	0.033507 	0.103553 	0.006356 	0.017759 	0.022370 	0.075719 	
0.053514 	0.011928 	0.000000 	0.000000 	0.049645 	0.008059 	0.046422 	0.013540 	0.020954 	0.005803 	0.135397 	0.027724 	0.011283 	0.003224 	0.011928 	0.006125 	0.040941 	0.009349 	0.018698 	0.009994 	0.010638 	0.002257 	0.053514 	0.011928 	0.009026 	0.002901 	0.041264 	0.012573 	0.060928 	0.020954 	0.093166 	0.020632 	0.066731 	0.019665 	0.022244 	0.006770 	0.006447 	0.004513 	0.031593 	0.017730 	
0.043698 	0.086865 	0.000180 	0.000180 	0.003874 	0.007132 	0.002294 	0.002701 	0.015825 	0.063065 	0.030452 	0.055701 	0.003952 	0.009246 	0.015156 	0.056288 	0.001887 	0.008810 	0.042835 	0.142202 	0.005222 	0.013367 	0.004985 	0.006206 	0.007918 	0.017692 	0.003729 	0.010245 	0.004194 	0.011117 	0.006037 	0.017032 	0.011772 	0.028876 	0.033507 	0.103553 	0.006356 	0.017759 	0.022370 	0.075719 	
0.053514 	0.011928 	0.000000 	0.000000 	0.049645 	0.008059 	0.046422 	0.013540 	0.020954 	0.005803 	0.135397 	0.027724 	0.011283 	0.003224 	0.011928 	0.006125 	0.040941 	0.009349 	0.018698 	0.009994 	0.010638 	0.002257 	0.053514 	0.011928 	0.009026 	0.002901 	0.041264 	0.012573 	0.060928 	0.020954 	0.093166 	0.020632 	0.066731 	0.019665 	0.022244 	0.006770 	0.006447 	0.004513 	0.031593 	0.017730 	
0.025354 	0.037524 	0.000184 	0.000184 	0.006054 	0.003350 	0.000675 	0.004731 	0.028209 	0.093114 	0.019834 	0.023890 	0.017996 	0.038279 	0.008866 	0.042670 	0.002027 	0.004731 	0.032464 	0.110892 	0.004353 	0.012466 	0.003214 	0.009975 	0.001847 	0.004552 	0.005860 	0.007212 	0.003229 	0.005933 	0.004756 	0.016925 	0.008885 	0.015646 	0.022742 	0.075477 	0.021006 	0.095377 	0.056629 	0.122887 	
0.022456 	0.041110 	0.000180 	0.000180 	0.036986 	0.051545 	0.019121 	0.035955 	0.007339 	0.015528 	0.038462 	0.063485 	0.005296 	0.010300 	0.006594 	0.018423 	0.024159 	0.035079 	0.011474 	0.022848 	0.003926 	0.010751 	0.030016 	0.061863 	0.010606 	0.014701 	0.021124 	0.047967 	0.018520 	0.055827 	0.031037 	0.063795 	0.025481 	0.055963 	0.010413 	0.025427 	0.003398 	0.009313 	0.009624 	0.023727 	
0.022456 	0.041110 	0.000180 	0.000180 	0.036986 	0.051545 	0.019121 	0.035955 	0.007339 	0.015528 	0.038462 	0.063485 	0.005296 	0.010300 	0.006594 	0.018423 	0.024159 	0.035079 	0.011474 	0.022848 	0.003926 	0.010751 	0.030016 	0.061863 	0.010606 	0.014701 	0.021124 	0.047967 	0.018520 	0.055827 	0.031037 	0.063795 	0.025481 	0.055963 	0.010413 	0.025427 	0.003398 	0.009313 	0.009624 	0.023727 	
0.022456 	0.041110 	0.000180 	0.000180 	0.036986 	0.051545 	0.019121 	0.035955 	0.007339 	0.015528 	0.038462 	0.063485 	0.005296 	0.010300 	0.006594 	0.018423 	0.024159 	0.035079 	0.011474 	0.022848 	0.003926 	0.010751 	0.030016 	0.061863 	0.010606 	0.014701 	0.021124 	0.047967 	0.018520 	0.055827 	0.031037 	0.063795 	0.025481 	0.055963 	0.010413 	0.025427 	0.003398 	0.009313 	0.009624 	0.023727 	
0.015830 	0.045852 	0.000688 	0.000688 	0.048367 	0.077372 	0.015679 	0.038069 	0.011200 	0.021886 	0.029651 	0.061200 	0.005380 	0.015048 	0.005259 	0.027649 	0.030979 	0.041156 	0.009151 	0.027470 	0.002831 	0.006902 	0.027358 	0.049239 	0.013318 	0.021460 	0.011845 	0.027620 	0.023675 	0.034361 	0.027470 	0.062072 	0.011599 	0.050780 	0.011545 	0.036988 	0.006320 	0.010391 	0.006631 	0.029020 	
0.015830 	0.045852 	0.000688 	0.000688 	0.048367 	0.077372 	0.015679 	0.038069 	0.011200 	0.021886 	0.029651 	0.061200 	0.005380 	0.015048 	0.005259 	0.027649 	0.030979 	0.041156 	0.009151 	0.027470 	0.002831 	0.006902 	0.027358 	0.049239 	0.013318 	0.021460 	0.011845 	0.027620 	0.023675 	0.034361 	0.027470 	0.062072 	0.011599 	0.050780 	0.011545 	0.036988 	0.006320 	0.010391 	0.006631 	0.029020 	
0.015830 	0.045852 	0.000688 	0.000688 	0.048367 	0.077372 	0.015679 	0.038069 	0.011200 	0.021886 	0.029651 	0.061200 	0.005380 	0.015048 	0.005259 	0.027649 	0.030979 	0.041156 	0.009151 	0.027470 	0.002831 	0.006902 	0.027358 	0.049239 	0.013318 	0.021460 	0.011845 	0.027620 	0.023675 	0.034361 	0.027470 	0.062072 	0.011599 	0.050780 	0.011545 	0.036988 	0.006320 	0.010391 	0.006631 	0.029020 	
0.025101 	0.056428 	0.001851 	0.002838 	0.029881 	0.053314 	0.014260 	0.027827 	0.008547 	0.020633 	0.040969 	0.080435 	0.003242 	0.009655 	0.010868 	0.024188 	0.017448 	0.037181 	0.017189 	0.039635 	0.002426 	0.007852 	0.028106 	0.046359 	0.016583 	0.024476 	0.015250 	0.023883 	0.015397 	0.030691 	0.027732 	0.054619 	0.029131 	0.046151 	0.015010 	0.028576 	0.003047 	0.007240 	0.018741 	0.037241 	
0.015830 	0.045852 	0.000688 	0.000688 	0.048367 	0.077372 	0.015679 	0.038069 	0.011200 	0.021886 	0.029651 	0.061200 	0.005380 	0.015048 	0.005259 	0.027649 	0.030979 	0.041156 	0.009151 	0.027470 	0.002831 	0.006902 	0.027358 	0.049239 	0.013318 	0.021460 	0.011845 	0.027620 	0.023675 	0.034361 	0.027470 	0.062072 	0.011599 	0.050780 	0.011545 	0.036988 	0.006320 	0.010391 	0.006631 	0.029020 	
0.015830 	0.045852 	0.000688 	0.000688 	0.048367 	0.077372 	0.015679 	0.038069 	0.011200 	0.021886 	0.029651 	0.061200 	0.005380 	0.015048 	0.005259 	0.027649 	0.030979 	0.041156 	0.009151 	0.027470 	0.002831 	0.006902 	0.027358 	0.049239 	0.013318 	0.021460 	0.011845 	0.027620 	0.023675 	0.034361 	0.027470 	0.062072 	0.011599 	0.050780 	0.011545 	0.036988 	0.006320 	0.010391 	0.006631 	0.029020 	
0.015830 	0.045852 	0.000688 	0.000688 	0.048367 	0.077372 	0.015679 	0.038069 	0.011200 	0.021886 	0.029651 	0.061200 	0.005380 	0.015048 	0.005259 	0.027649 	0.030979 	0.041156 	0.009151 	0.027470 	0.002831 	0.006902 	0.027358 	0.049239 	0.013318 	0.021460 	0.011845 	0.027620 	0.023675 	0.034361 	0.027470 	0.062072 	0.011599 	0.050780 	0.011545 	0.036988 	0.006320 	0.010391 	0.006631 	0.029020 	
0.022456 	0.041110 	0.000180 	0.000180 	0.036986 	0.051545 	0.019121 	0.035955 	0.007339 	0.015528 	0.038462 	0.063485 	0.005296 	0.010300 	0.006594 	0.018423 	0.024159 	0.035079 	0.011474 	0.022848 	0.003926 	0.010751 	0.030016 	0.061863 	0.010606 	0.014701 	0.021124 	0.047967 	0.018520 	0.055827 	0.031037 	0.063795 	0.025481 	0.055963 	0.010413 	0.025427 	0.003398 	0.009313 	0.009624 	0.023727 	
0.022456 	0.041110 	0.000180 	0.000180 	0.036986 	0.051545 	0.019121 	0.035955 	0.007339 	0.015528 	0.038462 	0.063485 	0.005296 	0.010300 	0.006594 	0.018423 	0.024159 	0.035079 	0.011474 	0.022848 	0.003926 	0.010751 	0.030016 	0.061863 	0.010606 	0.014701 	0.021124 	0.047967 	0.018520 	0.055827 	0.031037 	0.063795 	0.025481 	0.055963 	0.010413 	0.025427 	0.003398 	0.009313 	0.009624 	0.023727 	
0.022456 	0.041110 	0.000180 	0.000180 	0.036986 	0.051545 	0.019121 	0.035955 	0.007339 	0.015528 	0.038462 	0.063485 	0.005296 	0.010300 	0.006594 	0.018423 	0.024159 	0.035079 	0.011474 	0.022848 	0.003926 	0.010751 	0.030016 	0.061863 	0.010606 	0.014701 	0.021124 	0.047967 	0.018520 	0.055827 	0.031037 	0.063795 	0.025481 	0.055963 	0.010413 	0.025427 	0.003398 	0.009313 	0.009624 	0.023727 	
0.024002 	0.029411 	0.000184 	0.000184 	0.001998 	0.004702 	0.002027 	0.002027 	0.043083 	0.145850 	0.006312 	0.033356 	0.013939 	0.019348 	0.011570 	0.053488 	0.002027 	0.004731 	0.036521 	0.127118 	0.005705 	0.011114 	0.003214 	0.001862 	0.007256 	0.015369 	0.003156 	0.003156 	0.003229 	0.004581 	0.004756 	0.007460 	0.004828 	0.023759 	0.017333 	0.068716 	0.027767 	0.079150 	0.036346 	0.109365 	
0.053514 	0.011928 	0.000000 	0.000000 	0.049645 	0.008059 	0.046422 	0.013540 	0.020954 	0.005803 	0.135397 	0.027724 	0.011283 	0.003224 	0.011928 	0.006125 	0.040941 	0.009349 	0.018698 	0.009994 	0.010638 	0.002257 	0.053514 	0.011928 	0.009026 	0.002901 	0.041264 	0.012573 	0.060928 	0.020954 	0.093166 	0.020632 	0.066731 	0.019665 	0.022244 	0.006770 	0.006447 	0.004513 	0.031593 	0.017730 	
0.043698 	0.086865 	0.000180 	0.000180 	0.003874 	0.007132 	0.002294 	0.002701 	0.015825 	0.063065 	0.030452 	0.055701 	0.003952 	0.009246 	0.015156 	0.056288 	0.001887 	0.008810 	0.042835 	0.142202 	0.005222 	0.013367 	0.004985 	0.006206 	0.007918 	0.017692 	0.003729 	0.010245 	0.004194 	0.011117 	0.006037 	0.017032 	0.011772 	0.028876 	0.033507 	0.103553 	0.006356 	0.017759 	0.022370 	0.075719 	
0.053514 	0.011928 	0.000000 	0.000000 	0.049645 	0.008059 	0.046422 	0.013540 	0.020954 	0.005803 	0.135397 	0.027724 	0.011283 	0.003224 	0.011928 	0.006125 	0.040941 	0.009349 	0.018698 	0.009994 	0.010638 	0.002257 	0.053514 	0.011928 	0.009026 	0.002901 	0.041264 	0.012573 	0.060928 	0.020954 	0.093166 	0.020632 	0.066731 	0.019665 	0.022244 	0.006770 	0.006447 	0.004513 	0.031593 	0.017730 	
0.043698 	0.086865 	0.000180 	0.000180 	0.003874 	0.007132 	0.002294 	0.002701 	0.015825 	0.063065 	0.030452 	0.055701 	0.003952 	0.009246 	0.015156 	0.056288 	0.001887 	0.008810 	0.042835 	0.142202 	0.005222 	0.013367 	0.004985 	0.006206 	0.007918 	0.017692 	0.003729 	0.010245 	0.004194 	0.011117 	0.006037 	0.017032 	0.011772 	0.028876 	0.033507 	0.103553 	0.006356 	0.017759 	0.022370 	0.075719 	
0.053514 	0.011928 	0.000000 	0.000000 	0.049645 	0.008059 	0.046422 	0.013540 	0.020954 	0.005803 	0.135397 	0.027724 	0.011283 	0.003224 	0.011928 	0.006125 	0.040941 	0.009349 	0.018698 	0.009994 	0.010638 	0.002257 	0.053514 	0.011928 	0.009026 	0.002901 	0.041264 	0.012573 	0.060928 	0.020954 	0.093166 	0.020632 	0.066731 	0.019665 	0.022244 	0.006770 	0.006447 	0.004513 	0.031593 	0.017730 	
0.043698 	0.086865 	0.000180 	0.000180 	0.003874 	0.007132 	0.002294 	0.002701 	0.015825 	0.063065 	0.030452 	0.055701 	0.003952 	0.009246 	0.015156 	0.056288 	0.001887 	0.008810 	0.042835 	0.142202 	0.005222 	0.013367 	0.004985 	0.006206 	0.007918 	0.017692 	0.003729 	0.010245 	0.004194 	0.011117 	0.006037 	0.017032 	0.011772 	0.028876 	0.033507 	0.103553 	0.006356 	0.017759 	0.022370 	0.075719 	
0.053514 	0.011928 	0.000000 	0.000000 	0.049645 	0.008059 	0.046422 	0.013540 	0.020954 	0.005803 	0.135397 	0.027724 	0.011283 	0.003224 	0.011928 	0.006125 	0.040941 	0.009349 	0.018698 	0.009994 	0.010638 	0.002257 	0.053514 	0.011928 	0.009026 	0.002901 	0.041264 	0.012573 	0.060928 	0.020954 	0.093166 	0.020632 	0.066731 	0.019665 	0.022244 	0.006770 	0.006447 	0.004513 	0.031593 	0.017730 	
0.043698 	0.086865 	0.000180 	0.000180 	0.003874 	0.007132 	0.002294 	0.002701 	0.015825 	0.063065 	0.030452 	0.055701 	0.003952 	0.009246 	0.015156 	0.056288 	0.001887 	0.008810 	0.042835 	0.142202 	0.005222 	0.013367 	0.004985 	0.006206 	0.007918 	0.017692 	0.003729 	0.010245 	0.004194 	0.011117 	0.006037 	0.017032 	0.011772 	0.028876 	0.033507 	0.103553 	0.006356 	0.017759 	0.022370 	0.075719 	
0.053514 	0.011928 	0.000000 	0.000000 	0.049645 	0.008059 	0.046422 	0.013540 	0.020954 	0.005803 	0.135397 	0.027724 	0.011283 	0.003224 	0.011928 	0.006125 	0.040941 	0.009349 	0.018698 	0.009994 	0.010638 	0.002257 	0.053514 	0.011928 	0.009026 	0.002901 	0.041264 	0.012573 	0.060928 	0.020954 	0.093166 	0.020632 	0.066731 	0.019665 	0.022244 	0.006770 	0.006447 	0.004513 	0.031593 	0.017730 	
0.043698 	0.086865 	0.000180 	0.000180 	0.003874 	0.007132 	0.002294 	0.002701 	0.015825 	0.063065 	0.030452 	0.055701 	0.003952 	0.009246 	0.015156 	0.056288 	0.001887 	0.008810 	0.042835 	0.142202 	0.005222 	0.013367 	0.004985 	0.006206 	0.007918 	0.017692 	0.003729 	0.010245 	0.004194 	0.011117 	0.006037 	0.017032 	0.011772 	0.028876 	0.033507 	0.103553 	0.006356 	0.017759 	0.022370 	0.075719 	
0.053514 	0.011928 	0.000000 	0.000000 	0.049645 	0.008059 	0.046422 	0.013540 	0.020954 	0.005803 	0.135397 	0.027724 	0.011283 	0.003224 	0.011928 	0.006125 	0.040941 	0.009349 	0.018698 	0.009994 	0.010638 	0.002257 	0.053514 	0.011928 	0.009026 	0.002901 	0.041264 	0.012573 	0.060928 	0.020954 	0.093166 	0.020632 	0.066731 	0.019665 	0.022244 	0.006770 	0.006447 	0.004513 	0.031593 	0.017730 	
0.043698 	0.086865 	0.000180 	0.000180 	0.003874 	0.007132 	0.002294 	0.002701 	0.015825 	0.063065 	0.030452 	0.055701 	0.003952 	0.009246 	0.015156 	0.056288 	0.001887 	0.008810 	0.042835 	0.142202 	0.005222 	0.013367 	0.004985 	0.006206 	0.007918 	0.017692 	0.003729 	0.010245 	0.004194 	0.011117 	0.006037 	0.017032 	0.011772 	0.028876 	0.033507 	0.103553 	0.006356 	0.017759 	0.022370 	0.075719 	
0.053514 	0.011928 	0.000000 	0.000000 	0.049645 	0.008059 	0.046422 	0.013540 	0.020954 	0.005803 	0.135397 	0.027724 	0.011283 	0.003224 	0.011928 	0.006125 	0.040941 	0.009349 	0.018698 	0.009994 	0.010638 	0.002257 	0.053514 	0.011928 	0.009026 	0.002901 	0.041264 	0.012573 	0.060928 	0.020954 	0.093166 	0.020632 	0.066731 	0.019665 	0.022244 	0.006770 	0.006447 	0.004513 	0.031593 	0.017730 	
0.043698 	0.086865 	0.000180 	0.000180 	0.003874 	0.007132 	0.002294 	0.002701 	0.015825 	0.063065 	0.030452 	0.055701 	0.003952 	0.009246 	0.015156 	0.056288 	0.001887 	0.008810 	0.042835 	0.142202 	0.005222 	0.013367 	0.004985 	0.006206 	0.007918 	0.017692 	0.003729 	0.010245 	0.004194 	0.011117 	0.006037 	0.017032 	0.011772 	0.028876 	0.033507 	0.103553 	0.006356 	0.017759 	0.022370 	0.075719 	
0.053514 	0.011928 	0.000000 	0.000000 	0.049645 	0.008059 	0.046422 	0.013540 	0.020954 	0.005803 	0.135397 	0.027724 	0.011283 	0.003224 	0.011928 	0.006125 	0.040941 	0.009349 	0.018698 	0.009994 	0.010638 	0.002257 	0.053514 	0.011928 	0.009026 	0.002901 	0.041264 	0.012573 	0.060928 	0.020954 	0.093166 	0.020632 	0.066731 	0.019665 	0.022244 	0.006770 	0.006447 	0.004513 	0.031593 	0.017730 	
0.024002 	0.029411 	0.000184 	0.000184 	0.001998 	0.004702 	0.002027 	0.002027 	0.043083 	0.145850 	0.006312 	0.033356 	0.013939 	0.019348 	0.011570 	0.053488 	0.002027 	0.004731 	0.036521 	0.127118 	0.005705 	0.011114 	0.003214 	0.001862 	0.007256 	0.015369 	0.003156 	0.003156 	0.003229 	0.004581 	0.004756 	0.007460 	0.004828 	0.023759 	0.017333 	0.068716 	0.027767 	0.079150 	0.036346 	0.109365 	
0.029482 	0.040857 	0.000184 	0.000184 	0.043886 	0.076874 	0.018515 	0.035578 	0.005648 	0.014180 	0.060555 	0.076480 	0.003130 	0.009955 	0.008069 	0.013188 	0.016790 	0.040678 	0.020965 	0.038597 	0.005415 	0.009396 	0.036774 	0.057818 	0.027528 	0.037197 	0.019352 	0.027883 	0.015404 	0.023367 	0.021918 	0.037844 	0.032175 	0.036157 	0.006464 	0.013858 	0.007068 	0.014462 	0.006071 	0.010053 	
0.029482 	0.040857 	0.000184 	0.000184 	0.043886 	0.076874 	0.018515 	0.035578 	0.005648 	0.014180 	0.060555 	0.076480 	0.003130 	0.009955 	0.008069 	0.013188 	0.016790 	0.040678 	0.020965 	0.038597 	0.005415 	0.009396 	0.036774 	0.057818 	0.027528 	0.037197 	0.019352 	0.027883 	0.015404 	0.023367 	0.021918 	0.037844 	0.032175 	0.036157 	0.006464 	0.013858 	0.007068 	0.014462 	0.006071 	0.010053 	
0.029482 	0.040857 	0.000184 	0.000184 	0.043886 	0.076874 	0.018515 	0.035578 	0.005648 	0.014180 	0.060555 	0.076480 	0.003130 	0.009955 	0.008069 	0.013188 	0.016790 	0.040678 	0.020965 	0.038597 	0.005415 	0.009396 	0.036774 	0.057818 	0.027528 	0.037197 	0.019352 	0.027883 	0.015404 	0.023367 	0.021918 	0.037844 	0.032175 	0.036157 	0.006464 	0.013858 	0.007068 	0.014462 	0.006071 	0.010053 	
0.029482 	0.040857 	0.000184 	0.000184 	0.043886 	0.076874 	0.018515 	0.035578 	0.005648 	0.014180 	0.060555 	0.076480 	0.003130 	0.009955 	0.008069 	0.013188 	0.016790 	0.040678 	0.020965 	0.038597 	0.005415 	0.009396 	0.036774 	0.057818 	0.027528 	0.037197 	0.019352 	0.027883 	0.015404 	0.023367 	0.021918 	0.037844 	0.032175 	0.036157 	0.006464 	0.013858 	0.007068 	0.014462 	0.006071 	0.010053 	
0.029482 	0.040857 	0.000184 	0.000184 	0.043886 	0.076874 	0.018515 	0.035578 	0.005648 	0.014180 	0.060555 	0.076480 	0.003130 	0.009955 	0.008069 	0.013188 	0.016790 	0.040678 	0.020965 	0.038597 	0.005415 	0.009396 	0.036774 	0.057818 	0.027528 	0.037197 	0.019352 	0.027883 	0.015404 	0.023367 	0.021918 	0.037844 	0.032175 	0.036157 	0.006464 	0.013858 	0.007068 	0.014462 	0.006071 	0.010053 	
0.029482 	0.040857 	0.000184 	0.000184 	0.043886 	0.076874 	0.018515 	0.035578 	0.005648 	0.014180 	0.060555 	0.076480 	0.003130 	0.009955 	0.008069 	0.013188 	0.016790 	0.040678 	0.020965 	0.038597 	0.005415 	0.009396 	0.036774 	0.057818 	0.027528 	0.037197 	0.019352 	0.027883 	0.015404 	0.023367 	0.021918 	0.037844 	0.032175 	0.036157 	0.006464 	0.013858 	0.007068 	0.014462 	0.006071 	0.010053 	
0.045602 	0.059332 	0.001596 	0.001596 	0.037594 	0.030104 	0.012720 	0.028947 	0.013339 	0.017084 	0.035550 	0.053025 	0.006765 	0.001772 	0.021310 	0.036288 	0.023782 	0.013796 	0.028194 	0.046917 	0.015488 	0.006751 	0.028608 	0.033601 	0.018623 	0.021119 	0.022182 	0.029671 	0.016217 	0.023706 	0.037751 	0.038999 	0.028880 	0.040114 	0.035421 	0.041662 	0.002830 	0.010319 	0.013254 	0.019495 	
0.029482 	0.040857 	0.000184 	0.000184 	0.043886 	0.076874 	0.018515 	0.035578 	0.005648 	0.014180 	0.060555 	0.076480 	0.003130 	0.009955 	0.008069 	0.013188 	0.016790 	0.040678 	0.020965 	0.038597 	0.005415 	0.009396 	0.036774 	0.057818 	0.027528 	0.037197 	0.019352 	0.027883 	0.015404 	0.023367 	0.021918 	0.037844 	0.032175 	0.036157 	0.006464 	0.013858 	0.007068 	0.014462 	0.006071 	0.010053 	
0.029482 	0.040857 	0.000184 	0.000184 	0.043886 	0.076874 	0.018515 	0.035578 	0.005648 	0.014180 	0.060555 	0.076480 	0.003130 	0.009955 	0.008069 	0.013188 	0.016790 	0.040678 	0.020965 	0.038597 	0.005415 	0.009396 	0.036774 	0.057818 	0.027528 	0.037197 	0.019352 	0.027883 	0.015404 	0.023367 	0.021918 	0.037844 	0.032175 	0.036157 	0.006464 	0.013858 	0.007068 	0.014462 	0.006071 	0.010053 	
0.029482 	0.040857 	0.000184 	0.000184 	0.043886 	0.076874 	0.018515 	0.035578 	0.005648 	0.014180 	0.060555 	0.076480 	0.003130 	0.009955 	0.008069 	0.013188 	0.016790 	0.040678 	0.020965 	0.038597 	0.005415 	0.009396 	0.036774 	0.057818 	0.027528 	0.037197 	0.019352 	0.027883 	0.015404 	0.023367 	0.021918 	0.037844 	0.032175 	0.036157 	0.006464 	0.013858 	0.007068 	0.014462 	0.006071 	0.010053 	
0.029482 	0.040857 	0.000184 	0.000184 	0.043886 	0.076874 	0.018515 	0.035578 	0.005648 	0.014180 	0.060555 	0.076480 	0.003130 	0.009955 	0.008069 	0.013188 	0.016790 	0.040678 	0.020965 	0.038597 	0.005415 	0.009396 	0.036774 	0.057818 	0.027528 	0.037197 	0.019352 	0.027883 	0.015404 	0.023367 	0.021918 	0.037844 	0.032175 	0.036157 	0.006464 	0.013858 	0.007068 	0.014462 	0.006071 	0.010053 	
0.029482 	0.040857 	0.000184 	0.000184 	0.043886 	0.076874 	0.018515 	0.035578 	0.005648 	0.014180 	0.060555 	0.076480 	0.003130 	0.009955 	0.008069 	0.013188 	0.016790 	0.040678 	0.020965 	0.038597 	0.005415 	0.009396 	0.036774 	0.057818 	0.027528 	0.037197 	0.019352 	0.027883 	0.015404 	0.023367 	0.021918 	0.037844 	0.032175 	0.036157 	0.006464 	0.013858 	0.007068 	0.014462 	0.006071 	0.010053 	
0.029482 	0.040857 	0.000184 	0.000184 	0.043886 	0.076874 	0.018515 	0.035578 	0.005648 	0.014180 	0.060555 	0.076480 	0.003130 	0.009955 	0.008069 	0.013188 	0.016790 	0.040678 	0.020965 	0.038597 	0.005415 	0.009396 	0.036774 	0.057818 	0.027528 	0.037197 	0.019352 	0.027883 	0.015404 	0.023367 	0.021918 	0.037844 	0.032175 	0.036157 	0.006464 	0.013858 	0.007068 	0.014462 	0.006071 	0.010053 	
0.000000 	0.000000 	0.000000 	0.000000 	0.000000 	0.000000 	0.000000 	0.000000 	0.000000 	0.000000 	0.000000 	0.000000 	0.000000 	0.000000 	0.000000 	0.000000 	0.000000 	0.000000 	0.000000 	0.000000 	0.000000 	0.000000 	0.000000 	0.000000 	0.000000 	0.000000 	0.000000 	0.000000 	0.000000 	0.000000 	0.000000 	0.000000 	0.000000 	0.000000 	0.000000 	0.000000 	0.000000 	0.000000 	0.000000 	0.000000 	
